0.000000000000000000e+00 0.000000000000000000e+00 0.000000000000000000e+00 0.000000000000000000e+00 0.000000000000000000e+00 0.000000000000000000e+00 0.000000000000000000e+00 0.000000000000000000e+00 0.000000000000000000e+00 0.000000000000000000e+00
0.000000000000000000e+00 0.000000000000000000e+00 0.000000000000000000e+00 0.000000000000000000e+00 0.000000000000000000e+00 0.000000000000000000e+00 0.000000000000000000e+00 0.000000000000000000e+00 0.000000000000000000e+00 0.000000000000000000e+00
0.000000000000000000e+00 0.000000000000000000e+00 0.000000000000000000e+00 0.000000000000000000e+00 0.000000000000000000e+00 0.000000000000000000e+00 0.000000000000000000e+00 0.000000000000000000e+00 0.000000000000000000e+00 0.000000000000000000e+00
0.000000000000000000e+00 0.000000000000000000e+00 0.000000000000000000e+00 0.000000000000000000e+00 0.000000000000000000e+00 0.000000000000000000e+00 0.000000000000000000e+00 0.000000000000000000e+00 0.000000000000000000e+00 0.000000000000000000e+00
0.000000000000000000e+00 0.000000000000000000e+00 0.000000000000000000e+00 0.000000000000000000e+00 0.000000000000000000e+00 0.000000000000000000e+00 0.000000000000000000e+00 0.000000000000000000e+00 0.000000000000000000e+00 0.000000000000000000e+00
0.000000000000000000e+00 0.000000000000000000e+00 0.000000000000000000e+00 0.000000000000000000e+00 0.000000000000000000e+00 0.000000000000000000e+00 0.000000000000000000e+00 0.000000000000000000e+00 0.000000000000000000e+00 0.000000000000000000e+00
1.791241289983495390e-03 -6.923007319152935102e-03 1.165244624103256230e-02 -4.916284079084938838e-18 2.522477995365751333e-02 9.953167106987876413e-09 -4.039346277196065354e-08 9.439165267134288009e-03 -1.336363628181743042e-02 1.643875514716167953e-04
1.794651382523051618e-03 -6.922621584762096714e-03 1.165179699294639770e-02 1.753189314767361419e-09 2.522337448567507981e-02 -1.219435311412779945e-03 -5.057891657979537948e-04 9.447082989003870862e-03 -1.335367666812668080e-02 7.601246957153005163e-04
1.800913292538926583e-03 -3.421520198030818249e-03 1.139757762966804935e-02 1.747579473247752409e-09 2.606244432693696073e-02 -1.215538370559249466e-03 -5.041699923448201984e-04 9.390598635030739799e-03 -1.384412062171758336e-02 7.778258686843787708e-04
7.111511489699836285e-03 -3.603637675036880372e-03 1.121768345463847703e-02 -2.953313044651310603e-08 2.555315843588460908e-02 2.054201718404059795e-02 8.519488561572847660e-03 9.080783868414859378e-03 -1.373324234873083728e-02 5.294568107959751052e-02
1.357598550125373171e-02 -4.431215905721604120e-03 -7.429309552839814118e-04 -2.889623026112084206e-08 -3.629119465486455032e-03 2.009901715180196363e-02 8.335801132968764793e-03 2.691207676591849535e-02 -6.536266998611030277e-02 5.239074935829002300e-02
6.217116134217158807e-01 2.617813927746102248e-03 -4.289688309333719715e-04 -5.207399724549403022e-11 5.138773933185372851e-05 3.619184426399801977e-05 1.501313605462879916e-05 -2.282487590926884609e-04 -9.376729152160332391e-05 5.214568787207827724e-05
6.217113114596282131e-01 2.313585456230306953e-03 -2.246314487118480441e-04 -5.766626529400545333e-11 4.179047678868786243e-04 4.011896349487631473e-05 1.664096704361215620e-05 -5.100805698956049862e-04 7.734517933893543008e-04 5.214818366638082658e-05
6.117587630788211550e-01 2.202063527612571018e-03 -2.282068140612922291e-04 -1.003265184649944347e-11 3.630317182762817559e-04 6.938538305297425532e-06 2.879771008516997374e-06 -6.257596609663611080e-05 -2.933345588997333725e-04 5.796301242231496756e-05
6.117587630788211550e-01 2.202063527612571018e-03 -2.282068140612922291e-04 -1.003265184649944347e-11 3.630317182762817559e-04 6.938538305297425532e-06 2.879771008516997374e-06 -6.257596609663611080e-05 -2.933345588997333725e-04 5.796301242231496756e-05
6.117587630788204889e-01 2.202063527610811141e-03 -2.282068140732952145e-04 -9.988432555034916656e-12 3.630317182809095645e-04 6.938538315324804849e-06 2.879770984397781635e-06 -6.257596609385469855e-05 -2.933345588986668428e-04 5.796301242235187110e-05
6.117587630788204889e-01 2.202063527610811141e-03 -2.282068140732952145e-04 -9.988432555034916656e-12 3.630317182809095645e-04 6.938538315324804849e-06 2.879770984397781635e-06 -6.257596609385469855e-05 -2.933345588986668428e-04 5.796301242235187110e-05
6.117587630788204889e-01 2.202063527610811141e-03 -2.282068140732952145e-04 -9.988432555034916656e-12 3.630317182809095645e-04 6.938538315324804849e-06 2.879770984397781635e-06 -6.257596609385469855e-05 -2.933345588986668428e-04 5.796301242235187110e-05
6.117587630788204889e-01 2.202063527610811141e-03 -2.282068140732952145e-04 -9.988432555034916656e-12 3.630317182809095645e-04 6.938538315324804849e-06 2.879770984397781635e-06 -6.257596609385469855e-05 -2.933345588986668428e-04 5.796301242235187110e-05
6.117587630788204889e-01 2.202063527610811141e-03 -2.282068140732952145e-04 -9.988432555034916656e-12 3.630317182809095645e-04 6.938538315324804849e-06 2.879770984397781635e-06 -6.257596609385469855e-05 -2.933345588986668428e-04 5.796301242235187110e-05
6.117587630787832964e-01 1.687663553552468942e-01 6.489149127299868036e-01 -2.764849241979784528e-08 -3.350559518180895036e-01 1.231246621792844026e-02 -1.691095017630652245e-02 5.259853375152814259e-01 2.178780712969211331e-01 5.720671641601523735e-05
6.117587630788384745e-01 1.686241966763178945e-01 6.535775724992187730e-01 3.308082111639826673e-03 -3.358514561010326194e-01 5.571468486198503239e-02 -1.217803709873364754e-01 5.169384164600848708e-01 2.141259805943592498e-01 5.721972312097397054e-05
6.117587630788833275e-01 -3.040829252105656244e-01 -9.535840813919612913e+00 5.770760936476170694e-02 2.347000286036758254e+00 7.665886094588548749e-01 -1.538443202854323566e+00 1.277956585496770181e+01 5.299888321214564435e+00 3.958981541526268577e-05
6.444824714039933955e-01 -3.070256762094740188e-01 -9.594851643217927162e+00 5.923583475095339779e-02 2.363412036945314654e+00 7.866134318796583758e-01 -1.585050079505347931e+00 1.284364890185656805e+01 5.330584424631524598e+00 -1.775196890129743937e-04
6.485235711108062739e-01 2.374208313136816351e-01 2.529315635960904363e+00 -5.987009528285859236e-03 -8.069617368736632379e-01 -6.733282270930150692e-02 1.159073965223695185e-01 -1.921566439368619816e+00 -7.927528634455285328e-01 -1.831718520989419549e-04
6.176292823805168419e-01 2.362529171850417109e-01 2.498881164990463866e+00 -7.579760470577401321e-03 -7.998289149468227333e-01 -8.817597031053170387e-02 1.672619614239718167e-01 -1.877966720155848313e+00 -7.785650782266779757e-01 2.543522316230881208e-04
6.237833562473100724e-01 9.292092663982980116e-02 -1.760730674749308444e-01 6.347902781207228999e-03 -7.144992358696489188e-02 9.200905228046508955e-02 -1.938414859816591784e-01 1.148352934892431065e+00 4.759743228610482935e-01 1.575407107376200835e-04
6.266100767487412515e-01 9.292898205149811852e-02 -1.759811662286303313e-01 6.243343086835300391e-03 -7.142458999477811765e-02 9.064102526559880690e-02 -1.905317615024587907e-01 1.147850124093421575e+00 4.761219652999060248e-01 1.578336986518724845e-04
6.266100767487412515e-01 9.292898205149811852e-02 -1.759811662286303313e-01 6.243343086835300391e-03 -7.142458999477811765e-02 9.064102526559880690e-02 -1.905317615024587907e-01 1.147850124093421575e+00 4.761219652999060248e-01 1.578336986518724845e-04
6.266100767487412515e-01 9.292898205149811852e-02 -1.759811662286303313e-01 6.243343086835300391e-03 -7.142458999477811765e-02 9.064102526559880690e-02 -1.905317615024587907e-01 1.147850124093421575e+00 4.761219652999060248e-01 1.578336986518724845e-04
6.266100767487412515e-01 9.292898205149811852e-02 -1.759811662286303313e-01 6.243343086835300391e-03 -7.142458999477811765e-02 9.064102526559880690e-02 -1.905317615024587907e-01 1.147850124093421575e+00 4.761219652999060248e-01 1.578336986518724845e-04
6.266100767487412515e-01 9.292898205149811852e-02 -1.759811662286303313e-01 6.243343086835300391e-03 -7.142458999477811765e-02 9.064102526559880690e-02 -1.905317615024587907e-01 1.147850124093421575e+00 4.761219652999060248e-01 1.578336986518724845e-04
6.266100767487412515e-01 9.292898205149811852e-02 -1.759811662286303313e-01 6.243343086835300391e-03 -7.142458999477811765e-02 9.064102526559880690e-02 -1.905317615024587907e-01 1.147850124093421575e+00 4.761219652999060248e-01 1.578336986518724845e-04
6.266100767487412515e-01 9.292898205149811852e-02 -1.759811662286303313e-01 6.243343086835300391e-03 -7.142458999477811765e-02 9.064102526559880690e-02 -1.905317615024587907e-01 1.147850124093421575e+00 4.761219652999060248e-01 1.578336986518724845e-04
6.266100767476294742e-01 8.361713641998061441e-02 -2.301316610525701301e-01 -7.453057161692957777e+01 -4.896927773522707222e-02 9.237534412797696604e-01 -2.199564147372816247e+00 1.147850124088250157e+00 4.761219652976426686e-01 1.578336986649143524e-04
6.259503851853992495e-01 1.065341619494875741e-01 -2.282547068878739982e-01 -8.843960633584998510e-01 -7.691839522730792300e-02 1.172739315184784248e-01 -2.495008066048712281e-01 1.363594690166509027e+00 5.656802424436639942e-01 1.569992135634851529e-04
6.268664658744230733e-01 9.031574278478847473e-02 -3.702700660607246008e-01 -8.176804207524348556e-01 -2.781000013433389956e-02 1.181668283603445335e-01 -2.497679439269774593e-01 1.442089403758166855e+00 5.982993481323193308e-01 1.473335979667905922e-04
7.052489291898743629e-01 9.026046711922297572e-02 -3.666131441280979786e-01 -3.173552687303769493e-01 -2.699684821840740712e-02 1.124785909139903867e-01 -2.361974493921731033e-01 1.423630847753809547e+00 6.005161636136964187e-01 -3.605019004809455023e-04
7.107845524493996425e-01 1.799505007521057798e-01 1.639074785045419702e+00 7.681277011787800424e-01 -5.510747355722924734e-01 -3.833749851259454777e-02 6.797186623731409083e-02 -1.031663268748235662e+00 -4.203000439951235512e-01 -3.229377209935293397e-04
5.836551839616375137e-01 1.764397346648731157e-01 1.560037011423695219e+00 2.424869847327087991e-02 -5.328188698137723556e-01 -2.501010932676522858e-02 3.850713218797154058e-02 -9.159989150735168284e-01 -3.882914984764284649e-01 1.032220877030881005e-03
6.486814663130894276e-01 8.122856678343029491e-02 -1.689462996564808639e-01 -2.655502747961580590e-01 -5.628927294301705464e-02 8.169472067936735249e-02 -1.723781748279854253e-01 1.000280025897964276e+00 4.138289968277545361e-01 2.655005881006767751e-04
6.500823179474556346e-01 8.121283753873767552e-02 -1.691756143983258465e-01 -2.797902322076684656e-01 -5.619550773237762947e-02 8.187583180685631401e-02 -1.727978659562966479e-01 1.000296170769791049e+00 4.140139265209209496e-01 2.731503523070121214e-04
6.500823179474556346e-01 8.121283753873767552e-02 -1.691756143983258465e-01 -2.797902322076684656e-01 -5.619550773237762947e-02 8.187583180685631401e-02 -1.727978659562966479e-01 1.000296170769791049e+00 4.140139265209209496e-01 2.731503523070121214e-04
6.500823179474556346e-01 8.121283753873767552e-02 -1.691756143983258465e-01 -2.797902322076684656e-01 -5.619550773237762947e-02 8.187583180685631401e-02 -1.727978659562966479e-01 1.000296170769791049e+00 4.140139265209209496e-01 2.731503523070121214e-04
6.500823179474556346e-01 8.121283753873767552e-02 -1.691756143983258465e-01 -2.797902322076684656e-01 -5.619550773237762947e-02 8.187583180685631401e-02 -1.727978659562966479e-01 1.000296170769791049e+00 4.140139265209209496e-01 2.731503523070121214e-04
6.500823179474556346e-01 8.121283753873767552e-02 -1.691756143983258465e-01 -2.797902322076684656e-01 -5.619550773237762947e-02 8.187583180685631401e-02 -1.727978659562966479e-01 1.000296170769791049e+00 4.140139265209209496e-01 2.731503523070121214e-04
6.500823179474556346e-01 8.121283753873767552e-02 -1.691756143983258465e-01 -2.797902322076684656e-01 -5.619550773237762947e-02 8.187583180685631401e-02 -1.727978659562966479e-01 1.000296170769791049e+00 4.140139265209209496e-01 2.731503523070121214e-04
6.500823179474556346e-01 8.121283753873767552e-02 -1.691756143983258465e-01 -2.797902322076684656e-01 -5.619550773237762947e-02 8.187583180685631401e-02 -1.727978659562966479e-01 1.000296170769791049e+00 4.140139265209209496e-01 2.731503523070121214e-04
6.436197167111367134e-01 5.534641166689359404e-02 -8.661031964546954398e-02 1.120913141519289224e+00 -4.292109084325463481e-02 5.241345897633659795e-03 2.702210436507763557e-03 6.247665540563970277e-01 2.569081734174211151e-01 4.352676250258468663e-04
6.833553348517468207e-01 5.377338883268029807e-02 -9.118524414567849568e-02 6.565267605464170098e-02 -3.931485406661973381e-02 4.129106208308038622e-02 -8.436126379401764908e-02 6.112756518369435454e-01 2.563178950614584117e-01 1.388684288170403611e-04
6.877830540185205788e-01 4.492208655483947988e-02 -1.057642452389150056e-01 3.412713678372272796e-01 -2.554605503330370508e-02 2.617491726869953031e-02 -4.941896290857974994e-02 5.507176241853377618e-01 2.315068365220595004e-01 1.235041890438429461e-04
7.046990780239648089e-01 4.518874951214539581e-02 -1.026272699352056700e-01 5.220219023680870984e-01 -2.619329935090185940e-02 1.989103937829615060e-02 -3.432579103850423585e-02 5.455234855994592902e-01 2.314833506561038978e-01 3.282399136150674149e-05
7.023117697883844990e-01 6.074982340547415566e-02 3.081675347386065300e-01 5.131093247899246590e-01 -1.298937985357329350e-01 -7.830277881726991837e-03 1.956990779136714292e-02 8.776346841403180610e-03 5.583771793703107972e-03 2.104240488713642748e-04
6.218789684454028022e-01 5.950408736525856362e-02 2.850798324076726509e-01 4.964780372521996991e-03 -1.251216559240436177e-01 1.070613346850256796e-02 -2.436355751024242913e-02 4.710586121671582471e-02 1.139565635719419837e-02 8.990254325540330844e-04
6.571378166598155213e-01 4.050907119771649662e-02 -6.939029915017200234e-02 4.019941116340042253e-01 -2.714416272677256173e-02 1.590997904510889002e-02 -2.743509776851061829e-02 4.408430432374115249e-01 1.793801774777518121e-01 4.732878406489624120e-04
6.573131936158610467e-01 4.055896161538564970e-02 -6.883849489548156397e-02 4.287567800146599439e-01 -2.731619225610997653e-02 1.496230225047167142e-02 -2.517568198430764764e-02 4.403810957521521741e-01 1.792073169912260511e-01 4.520502239124655651e-04
6.573131936158610467e-01 4.055896161538564970e-02 -6.883849489548156397e-02 4.287567800146599439e-01 -2.731619225610997653e-02 1.496230225047167142e-02 -2.517568198430764764e-02 4.403810957521521741e-01 1.792073169912260511e-01 4.520502239124655651e-04
6.573131936158610467e-01 4.055896161538564970e-02 -6.883849489548156397e-02 4.287567800146599439e-01 -2.731619225610997653e-02 1.496230225047167142e-02 -2.517568198430764764e-02 4.403810957521521741e-01 1.792073169912260511e-01 4.520502239124655651e-04
6.573131936158610467e-01 4.055896161538564970e-02 -6.883849489548156397e-02 4.287567800146599439e-01 -2.731619225610997653e-02 1.496230225047167142e-02 -2.517568198430764764e-02 4.403810957521521741e-01 1.792073169912260511e-01 4.520502239124655651e-04
6.573131936158610467e-01 4.055896161538564970e-02 -6.883849489548156397e-02 4.287567800146599439e-01 -2.731619225610997653e-02 1.496230225047167142e-02 -2.517568198430764764e-02 4.403810957521521741e-01 1.792073169912260511e-01 4.520502239124655651e-04
6.573131936158610467e-01 4.055896161538564970e-02 -6.883849489548156397e-02 4.287567800146599439e-01 -2.731619225610997653e-02 1.496230225047167142e-02 -2.517568198430764764e-02 4.403810957521521741e-01 1.792073169912260511e-01 4.520502239124655651e-04
6.573131936158610467e-01 4.055896161538564970e-02 -6.883849489548156397e-02 4.287567800146599439e-01 -2.731619225610997653e-02 1.496230225047167142e-02 -2.517568198430764764e-02 4.403810957521521741e-01 1.792073169912260511e-01 4.520502239124655651e-04
6.506940932095737207e-01 3.468285050896445509e-02 -4.810523481978212779e-02 9.594476369506935720e-01 -2.502664099625490773e-02 -1.436787837360927605e-02 4.334859814790207461e-02 3.549861917489922081e-01 1.428710765125019155e-01 5.618561633793323160e-04
6.812913455747141578e-01 3.373340442497378688e-02 -5.030762777300126776e-02 4.711718296849542464e-01 -2.283877995258743951e-02 5.983489067859288323e-03 -5.779743827249449011e-03 3.449319823471881374e-01 1.425578269435125445e-01 3.625206352824780634e-04
6.844163097779353278e-01 3.006358350333734192e-02 -4.898068087114880453e-02 6.959285971123962966e-01 -1.870807276072904146e-02 -6.657108609634698748e-03 2.376973326781421300e-02 3.084010688984936133e-01 1.276404578449296390e-01 3.684839850360050904e-04
6.906651819188400765e-01 3.028880032237165829e-02 -4.711146222048541443e-02 8.116780275410830914e-01 -1.924697074026731486e-02 -1.153943075666293526e-02 3.551732159616893120e-02 3.065183042956887705e-01 1.276476617864280017e-01 3.480283836300830051e-04
6.845210046078504806e-01 3.401389113017398713e-02 7.574613577938511810e-02 6.943706751000109367e-01 -4.898971390075363558e-02 -1.687709785779186941e-02 4.422608692897947447e-02 1.338286740234404804e-01 5.313801409084714655e-02 5.088768526404956541e-04
6.398360137818847049e-01 3.322131939025170511e-02 6.467577809191453475e-02 3.463367142797166842e-01 -4.658578571717839067e-02 -1.851499123858360357e-03 8.320649565630108130e-03 1.512993513457578931e-01 5.477916242064558017e-02 8.318659394690355435e-04
6.565536547380336208e-01 2.807495809877132154e-02 -3.699184351879305360e-02 6.609228030556347777e-01 -1.854730995911420960e-02 -8.928162863976549929e-03 2.809662097094947283e-02 2.659463366059606204e-01 1.046954402053445615e-01 6.215621328412130556e-04
6.585196348405334410e-01 2.818127620829315866e-02 -3.591351563775447425e-02 7.095374031017287475e-01 -1.886285630859851903e-02 -1.101126381440016393e-02 3.307791635411706788e-02 2.648813122451591506e-01 1.044958847674714308e-01 5.847900808032316898e-04
6.585196348405334410e-01 2.818127620829315866e-02 -3.591351563775447425e-02 7.095374031017287475e-01 -1.886285630859851903e-02 -1.101126381440016393e-02 3.307791635411706788e-02 2.648813122451591506e-01 1.044958847674714308e-01 5.847900808032316898e-04
6.585196348405334410e-01 2.818127620829315866e-02 -3.591351563775447425e-02 7.095374031017287475e-01 -1.886285630859851903e-02 -1.101126381440016393e-02 3.307791635411706788e-02 2.648813122451591506e-01 1.044958847674714308e-01 5.847900808032316898e-04
6.585196348405334410e-01 2.818127620829315866e-02 -3.591351563775447425e-02 7.095374031017287475e-01 -1.886285630859851903e-02 -1.101126381440016393e-02 3.307791635411706788e-02 2.648813122451591506e-01 1.044958847674714308e-01 5.847900808032316898e-04
6.585196348405334410e-01 2.818127620829315866e-02 -3.591351563775447425e-02 7.095374031017287475e-01 -1.886285630859851903e-02 -1.101126381440016393e-02 3.307791635411706788e-02 2.648813122451591506e-01 1.044958847674714308e-01 5.847900808032316898e-04
6.585196348405334410e-01 2.818127620829315866e-02 -3.591351563775447425e-02 7.095374031017287475e-01 -1.886285630859851903e-02 -1.101126381440016393e-02 3.307791635411706788e-02 2.648813122451591506e-01 1.044958847674714308e-01 5.847900808032316898e-04
6.585196348405334410e-01 2.818127620829315866e-02 -3.591351563775447425e-02 7.095374031017287475e-01 -1.886285630859851903e-02 -1.101126381440016393e-02 3.307791635411706788e-02 2.648813122451591506e-01 1.044958847674714308e-01 5.847900808032316898e-04
6.535406524371926151e-01 2.590229600412228411e-02 -2.719512678741256920e-02 9.830461577055042977e-01 -1.826063128399818547e-02 -2.645631344942428811e-02 6.942713577024718641e-02 2.321136503480905333e-01 9.026569477049736778e-02 6.585431851689157231e-04
6.771294454929891460e-01 2.512730745015704162e-02 -2.914316325357765164e-02 6.300681051356871176e-01 -1.647034931518845391e-02 -1.048958754470347490e-02 3.092538996953299313e-02 2.243769522488957557e-01 9.003193488482125195e-02 5.294910386108302343e-04
6.788105689832140133e-01 2.321283326141406270e-02 -2.710825637431585680e-02 7.864590516452087954e-01 -1.463991211458829343e-02 -1.952316925830871117e-02 5.216073968351666451e-02 2.037047758204214853e-01 8.156883550052533571e-02 5.463457906324655855e-04
6.807882031433122316e-01 2.333892346750272850e-02 -2.622827998325997015e-02 8.439740214230635473e-01 -1.493607702213438013e-02 -2.214759308631156914e-02 5.847837993499722248e-02 2.031546219642689222e-01 8.159088799026394112e-02 5.455623006531556702e-04
6.741182243500770666e-01 2.472786087951297368e-02 2.817524254686387328e-02 7.215948710097780383e-01 -2.774838113261235417e-02 -2.203538008894442846e-02 5.626711938134948410e-02 1.228067113040507974e-01 4.585260249674830146e-02 6.744477621081952385e-04
6.454044878458625734e-01 2.412969544476942924e-02 2.104905025591351925e-02 4.707972935763543587e-01 -2.609518276917969365e-02 -1.037777059579369360e-02 2.834839464868298131e-02 1.332163208329838200e-01 4.656609261190448878e-02 8.486038322950274597e-04
6.550939108261965016e-01 2.207314940404595319e-02 -2.239437069989112794e-02 6.879271640047328606e-01 -1.415235689127642554e-02 -1.721196222928035244e-02 4.597945099080780890e-02 1.831539098961948997e-01 6.872189053520198765e-02 7.213121019867899933e-04
6.576882492943417757e-01 2.218757799196559993e-02 -2.128106644852196735e-02 7.357760470259468999e-01 -1.447290820300276004e-02 -1.943128330673025983e-02 5.129038087401221330e-02 1.820123842848336837e-01 6.857007538453784024e-02 6.869071046633057473e-04
6.576882492943417757e-01 2.218757799196559993e-02 -2.128106644852196735e-02 7.357760470259468999e-01 -1.447290820300276004e-02 -1.943128330673025983e-02 5.129038087401221330e-02 1.820123842848336837e-01 6.857007538453784024e-02 6.869071046633057473e-04
6.576882492943417757e-01 2.218757799196559993e-02 -2.128106644852196735e-02 7.357760470259468999e-01 -1.447290820300276004e-02 -1.943128330673025983e-02 5.129038087401221330e-02 1.820123842848336837e-01 6.857007538453784024e-02 6.869071046633057473e-04
6.576882492943417757e-01 2.218757799196559993e-02 -2.128106644852196735e-02 7.357760470259468999e-01 -1.447290820300276004e-02 -1.943128330673025983e-02 5.129038087401221330e-02 1.820123842848336837e-01 6.857007538453784024e-02 6.869071046633057473e-04
6.576882492943417757e-01 2.218757799196559993e-02 -2.128106644852196735e-02 7.357760470259468999e-01 -1.447290820300276004e-02 -1.943128330673025983e-02 5.129038087401221330e-02 1.820123842848336837e-01 6.857007538453784024e-02 6.869071046633057473e-04
6.576882492943417757e-01 2.218757799196559993e-02 -2.128106644852196735e-02 7.357760470259468999e-01 -1.447290820300276004e-02 -1.943128330673025983e-02 5.129038087401221330e-02 1.820123842848336837e-01 6.857007538453784024e-02 6.869071046633057473e-04
6.576882492943417757e-01 2.218757799196559993e-02 -2.128106644852196735e-02 7.357760470259468999e-01 -1.447290820300276004e-02 -1.943128330673025983e-02 5.129038087401221330e-02 1.820123842848336837e-01 6.857007538453784024e-02 6.869071046633057473e-04
6.541771481199956106e-01 2.100190503469144196e-02 -1.698111498380386331e-02 8.749132870333550249e-01 -1.417473575924730299e-02 -2.768735169983372116e-02 7.073951119771054730e-02 1.660185136679376283e-01 6.149773845511725262e-02 7.375533348217376680e-04
6.720217222025673953e-01 2.040980358652890944e-02 -1.848196232279746692e-02 6.262453923098738606e-01 -1.280798110743703970e-02 -1.587232566749640153e-02 4.227822103164551037e-02 1.601653382956971516e-01 6.132161159194441519e-02 6.607117093813840618e-04
6.725305431336174866e-01 1.923484878123399300e-02 -1.704594153676942253e-02 7.235648074141224351e-01 -1.176233529934523833e-02 -2.177421014036867719e-02 5.616343295371399591e-02 1.476274064127746921e-01 5.611605197116640437e-02 6.826583423673956595e-04
6.730582432065249643e-01 1.929092948430867482e-02 -1.669596834231660762e-02 7.472230218516605627e-01 -1.189211170418923158e-02 -2.290597039468958429e-02 5.888821081871917218e-02 1.475036550197126040e-01 5.613201524170956247e-02 6.850764388969141040e-04
6.669748694496889785e-01 1.994461466837259278e-02 1.258524747251131039e-02 6.427071266205323097e-01 -1.865865623975104109e-02 -2.134069264902621610e-02 5.402311573444742304e-02 1.026308253317625985e-01 3.552600494677636556e-02 7.833126659151278199e-04
6.475555242725054006e-01 1.950566817205029446e-02 7.745297799116471725e-03 4.684332590774336058e-01 -1.749560992145413399e-02 -1.285370333144519525e-02 3.368028612078810546e-02 1.093831591631608952e-01 3.588713794744993746e-02 8.779158583595600245e-04
6.537220027796019073e-01 1.848129976042254749e-02 -1.512432460326126535e-02 6.119635429205128041e-01 -1.121059269126930061e-02 -1.787714868471168561e-02 4.639263333838219289e-02 1.360736100899837542e-01 4.792306226238309680e-02 7.929087432120383990e-04
6.562280472123190878e-01 1.858132450783722342e-02 -1.416424864163423267e-02 6.510520775632891999e-01 -1.148354260596862880e-02 -1.978146884771969649e-02 5.094985003628502845e-02 1.350602674870793607e-01 4.781413610605958486e-02 7.653496808192755425e-04
6.562280472123190878e-01 1.858132450783722342e-02 -1.416424864163423267e-02 6.510520775632891999e-01 -1.148354260596862880e-02 -1.978146884771969649e-02 5.094985003628502845e-02 1.350602674870793607e-01 4.781413610605958486e-02 7.653496808192755425e-04
6.562280472123190878e-01 1.858132450783722342e-02 -1.416424864163423267e-02 6.510520775632891999e-01 -1.148354260596862880e-02 -1.978146884771969649e-02 5.094985003628502845e-02 1.350602674870793607e-01 4.781413610605958486e-02 7.653496808192755425e-04
6.562280472123190878e-01 1.858132450783722342e-02 -1.416424864163423267e-02 6.510520775632891999e-01 -1.148354260596862880e-02 -1.978146884771969649e-02 5.094985003628502845e-02 1.350602674870793607e-01 4.781413610605958486e-02 7.653496808192755425e-04
6.562280472123190878e-01 1.858132450783722342e-02 -1.416424864163423267e-02 6.510520775632891999e-01 -1.148354260596862880e-02 -1.978146884771969649e-02 5.094985003628502845e-02 1.350602674870793607e-01 4.781413610605958486e-02 7.653496808192755425e-04
6.562280472123190878e-01 1.858132450783722342e-02 -1.416424864163423267e-02 6.510520775632891999e-01 -1.148354260596862880e-02 -1.978146884771969649e-02 5.094985003628502845e-02 1.350602674870793607e-01 4.781413610605958486e-02 7.653496808192755425e-04
6.562280472123190878e-01 1.858132450783722342e-02 -1.416424864163423267e-02 6.510520775632891999e-01 -1.148354260596862880e-02 -1.978146884771969649e-02 5.094985003628502845e-02 1.350602674870793607e-01 4.781413610605958486e-02 7.653496808192755425e-04
6.537621423030777201e-01 1.785264277372768452e-02 -1.185454452745825227e-02 7.224189364083173359e-01 -1.126007383537792547e-02 -2.429881139800140616e-02 6.157473940158132014e-02 1.260894399143889233e-01 4.378921915065273757e-02 8.014704060462338360e-04
6.669228852174147182e-01 1.742866389524920512e-02 -1.288826941165920406e-02 5.556319087196919249e-01 -1.028272672407635167e-02 -1.607617936828622737e-02 4.178893425379719140e-02 1.217810123829005525e-01 4.366347577491621473e-02 7.617502889412928243e-04
6.667604223025147547e-01 1.662856925291335969e-02 -1.198730184932074970e-02 6.144457181308616844e-01 -9.582577445498872276e-03 -1.986465037515477983e-02 5.069114801288188144e-02 1.136857616288985823e-01 4.023401836501095535e-02 7.843789484445031282e-04
6.668754624690721444e-01 1.665172438601369986e-02 -1.185520051122483827e-02 6.236224974498334461e-01 -9.635507913024728491e-03 -2.031949325273384177e-02 5.178617002929147145e-02 1.136703472052179031e-01 4.024260034673849545e-02 7.862398298534389960e-04
6.616942937316139250e-01 1.701365721174410636e-02 5.905182593241282626e-03 5.406590208448863732e-01 -1.368907558690706655e-02 -1.857771159515615722e-02 4.689749925777290246e-02 8.566867087509559553e-02 2.698263880815021665e-02 8.586258668560315223e-04
6.482796780100005263e-01 1.669824286390458185e-02 2.570012225107229722e-03 4.217577631304456065e-01 -1.287318578419480511e-02 -1.257467509039938459e-02 3.250189899453954923e-02 9.020845557515666524e-02 2.717887817182642815e-02 9.067682002123627098e-04
6.524417569227913827e-01 1.610747985417952666e-02 -1.112792877665012142e-02 5.172121726518645879e-01 -9.097678833889889100e-03 -1.607549908196312383e-02 4.129686514989128893e-02 1.063576891621259290e-01 3.456264356999925319e-02 8.461822060117664673e-04
6.546601824814970438e-01 1.619011800066501999e-02 -1.033679211064915393e-02 5.476938913008334575e-01 -9.319990181720329975e-03 -1.761784580491427069e-02 4.498699620818783634e-02 1.055004267889441821e-01 3.448296847730210335e-02 8.250699980648082063e-04
6.546601824814970438e-01 1.619011800066501999e-02 -1.033679211064915393e-02 5.476938913008334575e-01 -9.319990181720329975e-03 -1.761784580491427069e-02 4.498699620818783634e-02 1.055004267889441821e-01 3.448296847730210335e-02 8.250699980648082063e-04
6.546601824814970438e-01 1.619011800066501999e-02 -1.033679211064915393e-02 5.476938913008334575e-01 -9.319990181720329975e-03 -1.761784580491427069e-02 4.498699620818783634e-02 1.055004267889441821e-01 3.448296847730210335e-02 8.250699980648082063e-04
6.546601824814970438e-01 1.619011800066501999e-02 -1.033679211064915393e-02 5.476938913008334575e-01 -9.319990181720329975e-03 -1.761784580491427069e-02 4.498699620818783634e-02 1.055004267889441821e-01 3.448296847730210335e-02 8.250699980648082063e-04
6.546601824814970438e-01 1.619011800066501999e-02 -1.033679211064915393e-02 5.476938913008334575e-01 -9.319990181720329975e-03 -1.761784580491427069e-02 4.498699620818783634e-02 1.055004267889441821e-01 3.448296847730210335e-02 8.250699980648082063e-04
6.546601824814970438e-01 1.619011800066501999e-02 -1.033679211064915393e-02 5.476938913008334575e-01 -9.319990181720329975e-03 -1.761784580491427069e-02 4.498699620818783634e-02 1.055004267889441821e-01 3.448296847730210335e-02 8.250699980648082063e-04
6.546601824814970438e-01 1.619011800066501999e-02 -1.033679211064915393e-02 5.476938913008334575e-01 -9.319990181720329975e-03 -1.761784580491427069e-02 4.498699620818783634e-02 1.055004267889441821e-01 3.448296847730210335e-02 8.250699980648082063e-04
6.528965632566950950e-01 1.570141574216591882e-02 -9.002186920167052492e-03 5.860943137174631223e-01 -9.140727604414596030e-03 -2.022746920013654415e-02 5.110968901412826781e-02 1.000037883750024420e-01 3.198689859369097110e-02 8.518839200405657619e-04
6.625596227207074529e-01 1.540169067547750466e-02 -9.696423993128113622e-03 4.747738962412403341e-01 -8.450614073413218602e-03 -1.456526162647846061e-02 3.750239070321288032e-02 9.685001679703444943e-02 3.189910449477895843e-02 8.363524091496916165e-04
6.620944144443131618e-01 1.482224007317626061e-02 -9.135060765864459059e-03 5.111606142203642955e-01 -7.943344969026676361e-03 -1.706466296525554344e-02 4.336395367841579945e-02 9.134950310388784134e-02 2.951887348213384776e-02 8.574543212112361104e-04
6.621069589587866844e-01 1.483111284043881102e-02 -9.088240359184963924e-03 5.144894140177382891e-01 -7.963420870396186249e-03 -1.723465385633328809e-02 4.377312292818132111e-02 9.135447657082214346e-02 2.952276017911108566e-02 8.584250860909944762e-04
6.577906869367698972e-01 1.505850098947991364e-02 2.602243746394148922e-03 4.500776446304234901e-01 -1.061234127181744438e-02 -1.568703291448610843e-02 3.956949248278924386e-02 7.251196224931590051e-02 2.033890778105969591e-02 9.102145994841969942e-04
6.483233557061324204e-01 1.483068581873433871e-02 2.583458644114908394e-04 3.682616644539987716e-01 -1.003272037773820548e-02 -1.142705377917454211e-02 2.935044568146992147e-02 7.565434018574894448e-02 2.045078673825794294e-02 9.310489335916901418e-04
6.512645506409208140e-01 1.445357231002735235e-02 -8.694922844995948974e-03 4.335174160822168887e-01 -7.552059646561183788e-03 -1.387784555572127432e-02 3.548691173320839970e-02 8.627961010010658238e-02 2.536780120779348960e-02 8.855935115858055680e-04
6.531713544730469723e-01 1.452120793697123102e-02 -8.047362943137783761e-03 4.572034154506752213e-01 -7.732348978548444531e-03 -1.511580088817230001e-02 3.844779517544498482e-02 8.556308992360178722e-02 2.530782306888563343e-02 8.697375376429300519e-04
6.531713544730469723e-01 1.452120793697123102e-02 -8.047362943137783761e-03 4.572034154506752213e-01 -7.732348978548444531e-03 -1.511580088817230001e-02 3.844779517544498482e-02 8.556308992360178722e-02 2.530782306888563343e-02 8.697375376429300519e-04
6.531713544730469723e-01 1.452120793697123102e-02 -8.047362943137783761e-03 4.572034154506752213e-01 -7.732348978548444531e-03 -1.511580088817230001e-02 3.844779517544498482e-02 8.556308992360178722e-02 2.530782306888563343e-02 8.697375376429300519e-04
6.531713544730469723e-01 1.452120793697123102e-02 -8.047362943137783761e-03 4.572034154506752213e-01 -7.732348978548444531e-03 -1.511580088817230001e-02 3.844779517544498482e-02 8.556308992360178722e-02 2.530782306888563343e-02 8.697375376429300519e-04
6.531713544730469723e-01 1.452120793697123102e-02 -8.047362943137783761e-03 4.572034154506752213e-01 -7.732348978548444531e-03 -1.511580088817230001e-02 3.844779517544498482e-02 8.556308992360178722e-02 2.530782306888563343e-02 8.697375376429300519e-04
6.531713544730469723e-01 1.452120793697123102e-02 -8.047362943137783761e-03 4.572034154506752213e-01 -7.732348978548444531e-03 -1.511580088817230001e-02 3.844779517544498482e-02 8.556308992360178722e-02 2.530782306888563343e-02 8.697375376429300519e-04
6.531713544730469723e-01 1.452120793697123102e-02 -8.047362943137783761e-03 4.572034154506752213e-01 -7.732348978548444531e-03 -1.511580088817230001e-02 3.844779517544498482e-02 8.556308992360178722e-02 2.530782306888563343e-02 8.697375376429300519e-04
6.518795118302909142e-01 1.417707833067394924e-02 -7.224983984934155862e-03 4.792392885316809070e-01 -7.591026720353177999e-03 -1.672343995226776431e-02 4.220993969027806575e-02 8.198916624762965510e-02 2.366726737099060854e-02 8.903508678236241990e-04
6.590561348156989130e-01 1.396157255913948320e-02 -7.700806178632692983e-03 4.033049811151715458e-01 -7.095367284978681272e-03 -1.275116150498288234e-02 3.267813312169329937e-02 7.965371060355001809e-02 2.360528901711387781e-02 8.898099353563860723e-04
6.584869395091301758e-01 1.352547136865152669e-02 -7.340167237107607726e-03 4.268777609855511912e-01 -6.713492522514762952e-03 -1.447495712263457621e-02 3.671231451522230516e-02 7.576201733064882871e-02 2.188668724845730176e-02 9.086646792752670022e-04
6.584834597909052789e-01 1.352777203754562327e-02 -7.328834569604675275e-03 4.276984436360172781e-01 -6.718653086831850516e-03 -1.451800026006416777e-02 3.681588252624272417e-02 7.576560831211855140e-02 2.188781677186980856e-02 9.089665061934363265e-04
6.548901796724354574e-01 1.368527473968139674e-02 8.380989304725885297e-04 3.776654167189277822e-01 -8.563157589514000176e-03 -1.323264984888756872e-02 3.337277170435688084e-02 6.237258205968981839e-02 1.518063586432634796e-02 9.445806660600873867e-04
6.480428080782144606e-01 1.351747275206995232e-02 -8.519508199619253708e-04 3.200913710603686679e-01 -8.141727579520922214e-03 -1.015081421950638461e-02 2.597786681944228709e-02 6.461184142530485008e-02 1.524691099618453657e-02 9.494007709985936199e-04
6.502035300005220009e-01 1.325858504661487497e-02 -7.083570727348978760e-03 3.662117552105774720e-01 -6.403627556558807131e-03 -1.190531270742472766e-02 3.036326706244551338e-02 7.204010686893386195e-02 1.872230609617125952e-02 9.138170829037166971e-04
6.518246011300405929e-01 1.331418990502377352e-02 -6.551359747394762054e-03 3.847726987234793561e-01 -6.550855574282910682e-03 -1.290410168749294220e-02 3.275120810812686550e-02 7.144225417519334265e-02 1.867599323214040943e-02 9.021024743638668755e-04
6.518246011300405929e-01 1.331418990502377352e-02 -6.551359747394762054e-03 3.847726987234793561e-01 -6.550855574282910682e-03 -1.290410168749294220e-02 3.275120810812686550e-02 7.144225417519334265e-02 1.867599323214040943e-02 9.021024743638668755e-04
6.518246011300405929e-01 1.331418990502377352e-02 -6.551359747394762054e-03 3.847726987234793561e-01 -6.550855574282910682e-03 -1.290410168749294220e-02 3.275120810812686550e-02 7.144225417519334265e-02 1.867599323214040943e-02 9.021024743638668755e-04
6.518246011300405929e-01 1.331418990502377352e-02 -6.551359747394762054e-03 3.847726987234793561e-01 -6.550855574282910682e-03 -1.290410168749294220e-02 3.275120810812686550e-02 7.144225417519334265e-02 1.867599323214040943e-02 9.021024743638668755e-04
6.518246011300405929e-01 1.331418990502377352e-02 -6.551359747394762054e-03 3.847726987234793561e-01 -6.550855574282910682e-03 -1.290410168749294220e-02 3.275120810812686550e-02 7.144225417519334265e-02 1.867599323214040943e-02 9.021024743638668755e-04
6.518246011300405929e-01 1.331418990502377352e-02 -6.551359747394762054e-03 3.847726987234793561e-01 -6.550855574282910682e-03 -1.290410168749294220e-02 3.275120810812686550e-02 7.144225417519334265e-02 1.867599323214040943e-02 9.021024743638668755e-04
6.518246011300405929e-01 1.331418990502377352e-02 -6.551359747394762054e-03 3.847726987234793561e-01 -6.550855574282910682e-03 -1.290410168749294220e-02 3.275120810812686550e-02 7.144225417519334265e-02 1.867599323214040943e-02 9.021024743638668755e-04
6.479945550634570450e-01 9.471170871040731840e-03 -1.641530750521475596e-02 -3.722350841863694693e-01 -3.183284370412088789e-04 2.858257388450479233e-02 -6.681087556944097228e-02 5.555062277410691141e-02 1.154429048654276313e-02 1.010447974900492403e-03
6.550587562057386126e-01 1.012205029920535716e-02 -1.297289801816828118e-02 -1.359405901219944701e-01 -1.661850581331599918e-03 1.509605566392038974e-02 -3.452690909407715031e-02 5.509297511900430183e-02 1.233867156269383668e-02 1.008645668782257509e-03
6.629975567232943012e-01 8.453228533648122350e-03 -1.621194551901912820e-02 -3.154054433619410402e-01 1.045587093231339481e-03 2.436831992424395160e-02 -5.685901714970183901e-02 4.532328508876151685e-02 9.281157272633967434e-03 1.061925118641060539e-03
6.590301570764430794e-01 8.762180455176593954e-03 -1.516380976120333679e-02 -1.996107394927147116e-01 3.849233443964606913e-04 1.775940313675269944e-02 -4.108192859032656213e-02 4.720123238470136373e-02 9.595291461559157797e-03 1.011480690236130336e-03
6.584856545893661428e-01 8.892135723389444496e-03 -1.101851449208857657e-02 -2.058819962084915967e-01 -5.689923247344848972e-04 1.732461806958825526e-02 -4.022399121824209167e-02 4.053894977425307605e-02 6.376931444986497916e-03 1.023439830139277317e-03
6.479323187911891768e-01 9.062099769443998643e-03 -1.128395317554208195e-02 -1.422768970473065053e-01 -9.177446708465049341e-04 1.374771866291309326e-02 -3.167204279413729506e-02 4.421367345700074475e-02 6.585060823127104890e-03 1.021436355646306591e-03
6.484152423788712705e-01 8.950281792900673106e-03 -1.311686479049974097e-02 -1.475284979891764714e-01 -3.674932020284967828e-04 1.426403332647955928e-02 -3.286013486541015244e-02 4.608360770888972335e-02 7.456136474909206072e-03 1.011254985666693723e-03
6.477569875995968784e-01 8.963306200722442885e-03 -1.313536822644567267e-02 -1.424326609261711285e-01 -3.913401394003801319e-04 1.397966662414138264e-02 -3.217667165522068023e-02 4.633889896148488119e-02 7.480860004677482127e-03 1.015523009306893744e-03
6.477569875995968784e-01 8.963306200722442885e-03 -1.313536822644567267e-02 -1.424326609261711285e-01 -3.913401394003801319e-04 1.397966662414138264e-02 -3.217667165522068023e-02 4.633889896148488119e-02 7.480860004677482127e-03 1.015523009306893744e-03
6.477569875995968784e-01 8.963306200722442885e-03 -1.313536822644567267e-02 -1.424326609261711285e-01 -3.913401394003801319e-04 1.397966662414138264e-02 -3.217667165522068023e-02 4.633889896148488119e-02 7.480860004677482127e-03 1.015523009306893744e-03
6.477569875995968784e-01 8.963306200722442885e-03 -1.313536822644567267e-02 -1.424326609261711285e-01 -3.913401394003801319e-04 1.397966662414138264e-02 -3.217667165522068023e-02 4.633889896148488119e-02 7.480860004677482127e-03 1.015523009306893744e-03
6.477569875995968784e-01 8.963306200722442885e-03 -1.313536822644567267e-02 -1.424326609261711285e-01 -3.913401394003801319e-04 1.397966662414138264e-02 -3.217667165522068023e-02 4.633889896148488119e-02 7.480860004677482127e-03 1.015523009306893744e-03
6.477569875995968784e-01 8.963306200722442885e-03 -1.313536822644567267e-02 -1.424326609261711285e-01 -3.913401394003801319e-04 1.397966662414138264e-02 -3.217667165522068023e-02 4.633889896148488119e-02 7.480860004677482127e-03 1.015523009306893744e-03
6.477569875995968784e-01 8.963306200722442885e-03 -1.313536822644567267e-02 -1.424326609261711285e-01 -3.913401394003801319e-04 1.397966662414138264e-02 -3.217667165522068023e-02 4.633889896148488119e-02 7.480860004677482127e-03 1.015523009306893744e-03
6.480531070861770271e-01 9.046003842906749984e-03 -1.336987510651490262e-02 -1.471520313452225892e-01 -4.118369026996065302e-04 1.433675964006368535e-02 -3.301113355543127542e-02 4.721011430515914542e-02 7.879085198232717649e-03 1.009141808830616056e-03
6.446800481587265930e-01 9.082805664862761419e-03 -1.337088190179215597e-02 -1.336838723051965994e-01 -5.238516329839470326e-04 1.372265990921923105e-02 -3.153428013135057412e-02 4.806286475861296786e-02 7.794863970045225535e-03 1.001099988491609616e-03
6.445988768721589990e-01 9.018295831305270238e-03 -1.327296379152176874e-02 -1.304944196026954495e-01 -4.803632427666489416e-04 1.347833657096354776e-02 -3.096378515483964519e-02 4.744608878916375949e-02 7.521705794904044555e-03 1.005110900465061487e-03
6.437563246114438309e-01 9.076458126006298199e-03 -1.290361665314334293e-02 -1.086017446226837657e-01 -6.458444951453951900e-04 1.247525928534670356e-02 -2.851812222747933390e-02 4.750419154908765845e-02 7.428056693387953546e-03 1.034031996541409865e-03
6.425453809487982060e-01 9.221254993024105562e-03 -9.447531042864802317e-03 -1.032379473043892743e-01 -1.494696482785620728e-03 1.151083887470992148e-02 -2.636717125644929410e-02 4.231993753358839760e-02 4.768147386692747625e-03 1.040875981289817115e-03
6.434984575125664019e-01 9.231787224392974667e-03 -9.255027123858306295e-03 -9.954599264557757732e-02 -1.529850638930518435e-03 1.132999510422334766e-02 -2.592887874877217169e-02 4.195640805367293474e-02 4.734772854001131036e-03 1.043336244089074433e-03
6.442027552001335922e-01 9.106422167196242395e-03 -1.147609547753918047e-02 -9.831413437776687081e-02 -8.681612988824015734e-04 1.156818772478184452e-02 -2.643573456213792541e-02 4.429490631384156579e-02 5.836452134028646474e-03 1.031226322009013742e-03
6.473085342120117325e-01 9.153416097302587151e-03 -1.068062024756704503e-02 -8.231012719499250507e-02 -1.035784316721262161e-03 1.077308877010044359e-02 -2.453145125359542170e-02 4.295302424915684730e-02 5.654198534199184056e-03 1.012790212414016455e-03
6.473085342120117325e-01 9.153416097302587151e-03 -1.068062024756704503e-02 -8.231012719499250507e-02 -1.035784316721262161e-03 1.077308877010044359e-02 -2.453145125359542170e-02 4.295302424915684730e-02 5.654198534199184056e-03 1.012790212414016455e-03
6.473085342120117325e-01 9.153416097302587151e-03 -1.068062024756704503e-02 -8.231012719499250507e-02 -1.035784316721262161e-03 1.077308877010044359e-02 -2.453145125359542170e-02 4.295302424915684730e-02 5.654198534199184056e-03 1.012790212414016455e-03
6.473085342120117325e-01 9.153416097302587151e-03 -1.068062024756704503e-02 -8.231012719499250507e-02 -1.035784316721262161e-03 1.077308877010044359e-02 -2.453145125359542170e-02 4.295302424915684730e-02 5.654198534199184056e-03 1.012790212414016455e-03
6.473085342120117325e-01 9.153416097302587151e-03 -1.068062024756704503e-02 -8.231012719499250507e-02 -1.035784316721262161e-03 1.077308877010044359e-02 -2.453145125359542170e-02 4.295302424915684730e-02 5.654198534199184056e-03 1.012790212414016455e-03
6.473085342120117325e-01 9.153416097302587151e-03 -1.068062024756704503e-02 -8.231012719499250507e-02 -1.035784316721262161e-03 1.077308877010044359e-02 -2.453145125359542170e-02 4.295302424915684730e-02 5.654198534199184056e-03 1.012790212414016455e-03
6.473085342120117325e-01 9.153416097302587151e-03 -1.068062024756704503e-02 -8.231012719499250507e-02 -1.035784316721262161e-03 1.077308877010044359e-02 -2.453145125359542170e-02 4.295302424915684730e-02 5.654198534199184056e-03 1.012790212414016455e-03
6.474610890878875757e-01 9.195088568325465381e-03 -1.077123345867865394e-02 -8.391071832870032610e-02 -1.051718218954266273e-03 1.091269711937032684e-02 -2.485558113599234051e-02 4.334250716254348101e-02 5.835177305841388225e-03 1.009529835965664426e-03
6.455342083166918377e-01 9.213734543464665097e-03 -1.079904622151942398e-02 -7.761517153516364620e-02 -1.107075518068535453e-03 1.061848622689015934e-02 -2.415124316554438308e-02 4.385107938853110426e-02 5.796384043255109475e-03 1.001223570487483946e-03
6.453784336518936238e-01 9.131901997242170346e-03 -1.071881877422687160e-02 -7.475208410329391151e-02 -1.044200699071444732e-03 1.037020540354125983e-02 -2.357492532196044446e-02 4.316096382016526567e-02 5.481065362848656745e-03 1.006344698363841311e-03
6.445035549389064311e-01 9.169537746880019810e-03 -1.052856707488069449e-02 -6.154167693915435500e-02 -1.147296242544349094e-03 9.752277840971936354e-03 -2.206696456444856222e-02 4.332590469044089732e-02 5.432076592200573394e-03 1.026110205182442217e-03
6.432187710507557554e-01 9.292374338747168283e-03 -7.540866106302454921e-03 -6.024626259772471876e-02 -1.882628645887227722e-03 9.054287158767429164e-03 -2.054439527097349019e-02 3.879488098118315936e-02 3.043049604998565930e-03 1.029027735883424576e-03
6.435650262970262769e-01 9.296046808698069097e-03 -7.473368093635580391e-03 -5.904618445207370642e-02 -1.894691954730763194e-03 8.993846599405434794e-03 -2.039743677511520609e-02 3.866503285656433531e-02 3.031838193933107228e-03 1.030600005707286862e-03
6.442509358328134539e-01 9.176878975937944466e-03 -9.596619469078854561e-03 -5.674667446235159146e-02 -1.258530158666513847e-03 9.170015568314602086e-03 -2.075743473618840707e-02 4.092255991585504182e-02 4.107025572044640215e-03 1.017660703886176868e-03
6.468004879438644661e-01 9.212819760211127251e-03 -8.975811038575663703e-03 -4.539002957679239697e-02 -1.386313482434434544e-03 8.587248110067681114e-03 -1.936072992618981248e-02 3.984702691983188494e-02 3.968145919476336395e-03 1.006488198640545246e-03
6.468004879438644661e-01 9.212819760211127251e-03 -8.975811038575663703e-03 -4.539002957679239697e-02 -1.386313482434434544e-03 8.587248110067681114e-03 -1.936072992618981248e-02 3.984702691983188494e-02 3.968145919476336395e-03 1.006488198640545246e-03
6.468004879438644661e-01 9.212819760211127251e-03 -8.975811038575663703e-03 -4.539002957679239697e-02 -1.386313482434434544e-03 8.587248110067681114e-03 -1.936072992618981248e-02 3.984702691983188494e-02 3.968145919476336395e-03 1.006488198640545246e-03
6.468004879438644661e-01 9.212819760211127251e-03 -8.975811038575663703e-03 -4.539002957679239697e-02 -1.386313482434434544e-03 8.587248110067681114e-03 -1.936072992618981248e-02 3.984702691983188494e-02 3.968145919476336395e-03 1.006488198640545246e-03
6.468004879438644661e-01 9.212819760211127251e-03 -8.975811038575663703e-03 -4.539002957679239697e-02 -1.386313482434434544e-03 8.587248110067681114e-03 -1.936072992618981248e-02 3.984702691983188494e-02 3.968145919476336395e-03 1.006488198640545246e-03
6.468004879438644661e-01 9.212819760211127251e-03 -8.975811038575663703e-03 -4.539002957679239697e-02 -1.386313482434434544e-03 8.587248110067681114e-03 -1.936072992618981248e-02 3.984702691983188494e-02 3.968145919476336395e-03 1.006488198640545246e-03
6.468004879438644661e-01 9.212819760211127251e-03 -8.975811038575663703e-03 -4.539002957679239697e-02 -1.386313482434434544e-03 8.587248110067681114e-03 -1.936072992618981248e-02 3.984702691983188494e-02 3.968145919476336395e-03 1.006488198640545246e-03
6.468645872242487771e-01 9.229790998258470547e-03 -9.006795790716904879e-03 -4.589020064333692445e-02 -1.393839476319635225e-03 8.636145870980514727e-03 -1.947375745043985681e-02 3.999323382173596703e-02 4.037139164176583271e-03 1.005097405187418058e-03
6.456801321561945750e-01 9.241184290108206065e-03 -9.028304969758966722e-03 -4.231752883476005284e-02 -1.426881776214315115e-03 8.463411263652843158e-03 -1.906226241383893183e-02 4.031181386178089160e-02 4.015733610801935569e-03 9.976806921752072628e-04
6.454794410400277460e-01 9.154256155326216671e-03 -8.967615569944405868e-03 -3.990178111290618862e-02 -1.356489726623247901e-03 8.232331669866680204e-03 -1.852811751286023711e-02 3.963895578943191916e-02 3.700595721827929993e-03 1.003270209737737060e-03
6.446911186523134329e-01 9.182313771441515809e-03 -8.849022717747803690e-03 -3.071694453735205818e-02 -1.430986119887007850e-03 7.789994790853771098e-03 -1.744938822680690282e-02 3.981883753285685168e-02 3.670815794952606795e-03 1.017393843940619111e-03
6.434102484559403035e-01 9.286793745689393698e-03 -6.282261200933625563e-03 -3.178472072769433776e-02 -2.064304971292626502e-03 7.279562004867947030e-03 -1.636491655941896620e-02 3.588708818209697393e-02 1.545368192928557333e-03 1.015857203142503471e-03
6.435105122768467467e-01 9.287879919830922121e-03 -6.262875244061205486e-03 -3.145131010829397417e-02 -2.067789549543997112e-03 7.262263746150379902e-03 -1.632274790312791823e-02 3.584985538889008672e-02 1.542258291467831551e-03 1.016510930802795283e-03
6.441540617962084880e-01 9.179441460573256606e-03 -8.207824199370498258e-03 -2.845565099610676552e-02 -1.481761888449335644e-03 7.381173707253927720e-03 -1.655016546571606850e-02 3.793678566112078376e-02 2.546967648626339079e-03 1.003344388486647780e-03
6.462907990543164116e-01 9.209395293887924841e-03 -7.696844211765078991e-03 -1.958849754919947395e-02 -1.586865287960917501e-03 6.910714572873263677e-03 -1.542175875502698086e-02 3.704735462957212816e-02 2.435078656606588354e-03 9.969561024844302444e-04
6.462907990543164116e-01 9.209395293887924841e-03 -7.696844211765078991e-03 -1.958849754919947395e-02 -1.586865287960917501e-03 6.910714572873263677e-03 -1.542175875502698086e-02 3.704735462957212816e-02 2.435078656606588354e-03 9.969561024844302444e-04
6.462907990543164116e-01 9.209395293887924841e-03 -7.696844211765078991e-03 -1.958849754919947395e-02 -1.586865287960917501e-03 6.910714572873263677e-03 -1.542175875502698086e-02 3.704735462957212816e-02 2.435078656606588354e-03 9.969561024844302444e-04
6.462907990543164116e-01 9.209395293887924841e-03 -7.696844211765078991e-03 -1.958849754919947395e-02 -1.586865287960917501e-03 6.910714572873263677e-03 -1.542175875502698086e-02 3.704735462957212816e-02 2.435078656606588354e-03 9.969561024844302444e-04
6.462907990543164116e-01 9.209395293887924841e-03 -7.696844211765078991e-03 -1.958849754919947395e-02 -1.586865287960917501e-03 6.910714572873263677e-03 -1.542175875502698086e-02 3.704735462957212816e-02 2.435078656606588354e-03 9.969561024844302444e-04
6.462907990543164116e-01 9.209395293887924841e-03 -7.696844211765078991e-03 -1.958849754919947395e-02 -1.586865287960917501e-03 6.910714572873263677e-03 -1.542175875502698086e-02 3.704735462957212816e-02 2.435078656606588354e-03 9.969561024844302444e-04
6.462907990543164116e-01 9.209395293887924841e-03 -7.696844211765078991e-03 -1.958849754919947395e-02 -1.586865287960917501e-03 6.910714572873263677e-03 -1.542175875502698086e-02 3.704735462957212816e-02 2.435078656606588354e-03 9.969561024844302444e-04
6.463046075584066852e-01 9.212928448431583969e-03 -7.702543426326934756e-03 -1.967536890320108547e-02 -1.588535975350414010e-03 6.919995538243252017e-03 -1.544315033295581320e-02 3.707592868373214834e-02 2.448766091739562785e-03 9.966481856471863607e-04
6.455589178897401803e-01 9.220465269100678110e-03 -7.715831329209044825e-03 -1.746245867496604501e-02 -1.609849902232008724e-03 6.808857507656515540e-03 -1.517964186414091400e-02 3.727906292566996599e-02 2.436299693909294017e-03 9.904754844148465527e-04
6.453366385855902054e-01 9.135486659104142745e-03 -7.670494750222562816e-03 -1.543543942029068985e-02 -1.539596405002803710e-03 6.599978016965817040e-03 -1.469820725549634763e-02 3.666305507592602236e-02 2.141450273444906079e-03 9.961491325172354590e-04
6.446586596046529616e-01 9.158000317723759970e-03 -7.587003908667541534e-03 -8.537206135790323738e-03 -1.597679957726764067e-03 6.256411100278398349e-03 -1.386179507466637345e-02 3.683209306436292102e-02 2.122405058307121235e-03 1.006459550740653516e-03
6.434178327854729318e-01 9.246956171683383408e-03 -5.386909190196392978e-03 -1.102014407528499607e-02 -2.141909504694448126e-03 5.883922713045055056e-03 -1.309681501558013564e-02 3.342930280782590441e-02 2.386293323023245139e-04 1.000354510231412850e-03
6.434034508162300714e-01 9.246791287811167992e-03 -5.389706440122746592e-03 -1.106800020342193352e-02 -2.141395864094454773e-03 5.886482599156165826e-03 -1.310306601115315828e-02 3.343460315889897061e-02 2.390615978046916473e-04 1.000231689675735005e-03
6.439959105179787757e-01 9.150362401062456241e-03 -7.131795500620786814e-03 -7.661672413441407425e-03 -1.613538386946146864e-03 5.956980974075672293e-03 -1.322025286324798529e-02 3.532033117587397159e-02 1.156714546774548257e-03 9.871927846885363879e-04
6.458006981179055250e-01 9.176500681596880260e-03 -6.700529213499428413e-03 -3.550635293737648473e-04 -1.703402184593155993e-03 5.556182517925430629e-03 -1.225843855203812525e-02 3.457588777454079221e-02 1.064526924920039530e-03 9.841245089961256961e-04
6.458006981179055250e-01 9.176500681596880260e-03 -6.700529213499428413e-03 -3.550635293737648473e-04 -1.703402184593155993e-03 5.556182517925430629e-03 -1.225843855203812525e-02 3.457588777454079221e-02 1.064526924920039530e-03 9.841245089961256961e-04
6.458006981179055250e-01 9.176500681596880260e-03 -6.700529213499428413e-03 -3.550635293737648473e-04 -1.703402184593155993e-03 5.556182517925430629e-03 -1.225843855203812525e-02 3.457588777454079221e-02 1.064526924920039530e-03 9.841245089961256961e-04
6.458006981179055250e-01 9.176500681596880260e-03 -6.700529213499428413e-03 -3.550635293737648473e-04 -1.703402184593155993e-03 5.556182517925430629e-03 -1.225843855203812525e-02 3.457588777454079221e-02 1.064526924920039530e-03 9.841245089961256961e-04
6.458006981179055250e-01 9.176500681596880260e-03 -6.700529213499428413e-03 -3.550635293737648473e-04 -1.703402184593155993e-03 5.556182517925430629e-03 -1.225843855203812525e-02 3.457588777454079221e-02 1.064526924920039530e-03 9.841245089961256961e-04
6.458006981179055250e-01 9.176500681596880260e-03 -6.700529213499428413e-03 -3.550635293737648473e-04 -1.703402184593155993e-03 5.556182517925430629e-03 -1.225843855203812525e-02 3.457588777454079221e-02 1.064526924920039530e-03 9.841245089961256961e-04
6.458006981179055250e-01 9.176500681596880260e-03 -6.700529213499428413e-03 -3.550635293737648473e-04 -1.703402184593155993e-03 5.556182517925430629e-03 -1.225843855203812525e-02 3.457588777454079221e-02 1.064526924920039530e-03 9.841245089961256961e-04
6.457885301454987514e-01 9.173495035384829008e-03 -6.696095889063427911e-03 -2.892248739242921259e-04 -1.701944100205706953e-03 5.548686330005772431e-03 -1.224118890180162650e-02 3.455282023280128317e-02 1.053311380272302063e-03 9.844056286726313599e-04
6.453261889009814789e-01 9.178543924894522893e-03 -6.703280541191392744e-03 1.109285784075308371e-03 -1.715842311011924522e-03 5.475683994617542259e-03 -1.206885008796018677e-02 3.468027866950086635e-02 1.046188510145107126e-03 9.796079760796595499e-04
6.450980857550476788e-01 9.099151024496709983e-03 -6.668827325594545684e-03 2.837182189489757811e-03 -1.649938012815798435e-03 5.288190393295170641e-03 -1.163749853933467027e-02 3.413482256762138262e-02 7.798002397795359428e-04 9.851498375468032299e-04
6.445276863767371855e-01 9.117945844881961831e-03 -6.605186251762859562e-03 8.252438800561623031e-03 -1.697116577199923523e-03 5.008850573051576265e-03 -1.095904676947640627e-02 3.428555321813488155e-02 7.676932859053253039e-04 9.927517024127493258e-04
6.433438146786862877e-01 9.193789613777418601e-03 -4.717177412945581724e-03 4.935573195711705913e-03 -2.165296124137267453e-03 4.739309117418232832e-03 -1.043065143063016259e-02 3.133769180015191086e-02 -9.020430739628399180e-04 9.821826729407207891e-04
6.432693564663971575e-01 9.192867646628931355e-03 -4.731867196044067109e-03 4.681275431268154368e-03 -2.162515981119815002e-03 4.753332373978006418e-03 -1.046492383030745744e-02 3.136493917843388018e-02 -8.998693080457321244e-04 9.813927317823196213e-04
6.438096474608363540e-01 9.108087594955353167e-03 -6.274882360308872871e-03 8.291039878117675843e-03 -1.692334225474614873e-03 4.784980187896547589e-03 -1.049500882810428318e-02 3.304952394465733578e-02 -7.125342987321890698e-05 9.686729242171636953e-04
6.453398409268589209e-01 9.131502319462688616e-03 -5.905773130614940317e-03 1.450945047779110715e-02 -1.770876206757724010e-03 4.432603269248223780e-03 -9.649297129236985085e-03 3.242292449802194193e-02 -1.479699641987386113e-04 9.679450530526109188e-04
6.453398409268589209e-01 9.131502319462688616e-03 -5.905773130614940317e-03 1.450945047779110715e-02 -1.770876206757724010e-03 4.432603269248223780e-03 -9.649297129236985085e-03 3.242292449802194193e-02 -1.479699641987386113e-04 9.679450530526109188e-04
6.453398409268589209e-01 9.131502319462688616e-03 -5.905773130614940317e-03 1.450945047779110715e-02 -1.770876206757724010e-03 4.432603269248223780e-03 -9.649297129236985085e-03 3.242292449802194193e-02 -1.479699641987386113e-04 9.679450530526109188e-04
6.453398409268589209e-01 9.131502319462688616e-03 -5.905773130614940317e-03 1.450945047779110715e-02 -1.770876206757724010e-03 4.432603269248223780e-03 -9.649297129236985085e-03 3.242292449802194193e-02 -1.479699641987386113e-04 9.679450530526109188e-04
6.453398409268589209e-01 9.131502319462688616e-03 -5.905773130614940317e-03 1.450945047779110715e-02 -1.770876206757724010e-03 4.432603269248223780e-03 -9.649297129236985085e-03 3.242292449802194193e-02 -1.479699641987386113e-04 9.679450530526109188e-04
6.453398409268589209e-01 9.131502319462688616e-03 -5.905773130614940317e-03 1.450945047779110715e-02 -1.770876206757724010e-03 4.432603269248223780e-03 -9.649297129236985085e-03 3.242292449802194193e-02 -1.479699641987386113e-04 9.679450530526109188e-04
6.453398409268589209e-01 9.131502319462688616e-03 -5.905773130614940317e-03 1.450945047779110715e-02 -1.770876206757724010e-03 4.432603269248223780e-03 -9.649297129236985085e-03 3.242292449802194193e-02 -1.479699641987386113e-04 9.679450530526109188e-04
6.453166692243207381e-01 9.125979444881106989e-03 -5.898130850352690732e-03 1.462336965049203762e-02 -1.768187810404161153e-03 4.419110578880457857e-03 -9.618268818544979323e-03 3.238240750647539135e-02 -1.679680951628306339e-04 9.685029530525585215e-04
6.450474975265798605e-01 9.129196994660235265e-03 -5.901421440025101002e-03 1.546942210288301291e-02 -1.776803109651231647e-03 4.373268948522342735e-03 -9.510476069442967348e-03 3.245758112042096410e-02 -1.717068327139522482e-04 9.651200784199240670e-04
6.448235390666299249e-01 9.057007179228897947e-03 -5.874373333646513637e-03 1.697717877996526847e-02 -1.717235951394256678e-03 4.204570164265696020e-03 -9.122745836590206645e-03 3.198384629294033499e-02 -4.075688118982073813e-04 9.704167033867750272e-04
6.443497498950756519e-01 9.073021655569037114e-03 -5.823376642917105737e-03 2.133591009698554419e-02 -1.756402131983960009e-03 3.971797354889562183e-03 -8.558908131895246948e-03 3.211495164697537874e-02 -4.148773353438224998e-04 9.760385117946447859e-04
6.432296799962998746e-01 9.137785203537210355e-03 -4.197700296791875320e-03 1.755721048451551816e-02 -2.160477807895837526e-03 3.779454452894693336e-03 -8.206572601681996412e-03 2.955306138287058793e-02 -1.898407393860604897e-03 9.612170801826711540e-04
6.431207257493368745e-01 9.136312268906484485e-03 -4.219621832302993675e-03 1.716969125833141610e-02 -2.156181720316604176e-03 3.801468022321661134e-03 -8.260379660250428968e-03 2.959264966172106895e-02 -1.895320125892686718e-03 9.598299575950914805e-04
6.436114120254960991e-01 9.062106579242439064e-03 -5.579891186094887781e-03 2.083808140869356645e-02 -1.739310507171312964e-03 3.803038012209655067e-03 -8.224134788877918850e-03 3.109022659587115656e-02 -1.150743312587893365e-03 9.475200342255297266e-04
6.449123086861829890e-01 9.083401420616333058e-03 -5.261103137772104102e-03 2.623558887504398238e-02 -1.808884361002356450e-03 3.487490528943842059e-03 -7.467032468223991880e-03 3.056092297697506760e-02 -1.214931400035357311e-03 9.484401055298921634e-04
6.449123086861829890e-01 9.083401420616333058e-03 -5.261103137772104102e-03 2.623558887504398238e-02 -1.808884361002356450e-03 3.487490528943842059e-03 -7.467032468223991880e-03 3.056092297697506760e-02 -1.214931400035357311e-03 9.484401055298921634e-04
6.449123086861829890e-01 9.083401420616333058e-03 -5.261103137772104102e-03 2.623558887504398238e-02 -1.808884361002356450e-03 3.487490528943842059e-03 -7.467032468223991880e-03 3.056092297697506760e-02 -1.214931400035357311e-03 9.484401055298921634e-04
6.449123086861829890e-01 9.083401420616333058e-03 -5.261103137772104102e-03 2.623558887504398238e-02 -1.808884361002356450e-03 3.487490528943842059e-03 -7.467032468223991880e-03 3.056092297697506760e-02 -1.214931400035357311e-03 9.484401055298921634e-04
6.449123086861829890e-01 9.083401420616333058e-03 -5.261103137772104102e-03 2.623558887504398238e-02 -1.808884361002356450e-03 3.487490528943842059e-03 -7.467032468223991880e-03 3.056092297697506760e-02 -1.214931400035357311e-03 9.484401055298921634e-04
6.449123086861829890e-01 9.083401420616333058e-03 -5.261103137772104102e-03 2.623558887504398238e-02 -1.808884361002356450e-03 3.487490528943842059e-03 -7.467032468223991880e-03 3.056092297697506760e-02 -1.214931400035357311e-03 9.484401055298921634e-04
6.449123086861829890e-01 9.083401420616333058e-03 -5.261103137772104102e-03 2.623558887504398238e-02 -1.808884361002356450e-03 3.487490528943842059e-03 -7.467032468223991880e-03 3.056092297697506760e-02 -1.214931400035357311e-03 9.484401055298921634e-04
6.448871475811509546e-01 9.077617243387549328e-03 -5.253441026661590657e-03 2.635323729048215727e-02 -1.806100565842467219e-03 3.473299385980687520e-03 -7.434394682506002654e-03 3.052014538746908312e-02 -1.235370269399687195e-03 9.490742013562086712e-04
6.447535210651331727e-01 9.079373534179539101e-03 -5.254554676670920507e-03 2.679381297755539793e-02 -1.810676686520982636e-03 3.448576887997065708e-03 -7.376472851126065697e-03 3.055800985177166765e-02 -1.236984812002607948e-03 9.470891684334267367e-04
6.445396915183579933e-01 9.014869294972846503e-03 -5.232476735310038346e-03 2.814064794111756362e-02 -1.758126048916266700e-03 3.295904649273528279e-03 -7.025697428304045894e-03 3.015150140786248753e-02 -1.443230117633360291e-03 9.520871491103872391e-04
6.441495371699689221e-01 9.028636895085919920e-03 -5.190404371521551395e-03 3.169466451610351149e-02 -1.790986400783832607e-03 3.099706079640589078e-03 -6.551786903619734141e-03 3.026388904533275706e-02 -1.447154829917585150e-03 9.562366328807545956e-04
6.430946583180103815e-01 9.084001243721532073e-03 -3.784143782299990641e-03 2.769752745550076861e-02 -2.141308457240448382e-03 2.965260717241803221e-03 -6.330438711379860264e-03 2.802771518283325020e-02 -2.769937671573738554e-03 9.374192636393705253e-04
6.429649036753884994e-01 9.082077455860523840e-03 -3.810863685659124367e-03 2.721342364511095818e-02 -2.135875951317303331e-03 2.993555223082877432e-03 -6.399568870671844961e-03 2.807452206666589609e-02 -2.766373770622316750e-03 9.354850841314428121e-04
6.434100833299442046e-01 9.017144813223191419e-03 -5.008950633346503575e-03 3.084214396981873468e-02 -1.766560816732093116e-03 2.972522401311720412e-03 -6.314445384852303798e-03 2.940442273522339209e-02 -2.098023705736909959e-03 9.236171430191562545e-04
6.445189620766941241e-01 9.036676078284225019e-03 -4.731779624424395196e-03 3.558283550818835267e-02 -1.828721303892875006e-03 2.687050291773383087e-03 -5.629937601480684492e-03 2.895587909329987164e-02 -2.151951907275256697e-03 9.256843891309973586e-04
6.445189620766941241e-01 9.036676078284225019e-03 -4.731779624424395196e-03 3.558283550818835267e-02 -1.828721303892875006e-03 2.687050291773383087e-03 -5.629937601480684492e-03 2.895587909329987164e-02 -2.151951907275256697e-03 9.256843891309973586e-04
6.445189620766941241e-01 9.036676078284225019e-03 -4.731779624424395196e-03 3.558283550818835267e-02 -1.828721303892875006e-03 2.687050291773383087e-03 -5.629937601480684492e-03 2.895587909329987164e-02 -2.151951907275256697e-03 9.256843891309973586e-04
6.445189620766941241e-01 9.036676078284225019e-03 -4.731779624424395196e-03 3.558283550818835267e-02 -1.828721303892875006e-03 2.687050291773383087e-03 -5.629937601480684492e-03 2.895587909329987164e-02 -2.151951907275256697e-03 9.256843891309973586e-04
6.445189620766941241e-01 9.036676078284225019e-03 -4.731779624424395196e-03 3.558283550818835267e-02 -1.828721303892875006e-03 2.687050291773383087e-03 -5.629937601480684492e-03 2.895587909329987164e-02 -2.151951907275256697e-03 9.256843891309973586e-04
6.445189620766941241e-01 9.036676078284225019e-03 -4.731779624424395196e-03 3.558283550818835267e-02 -1.828721303892875006e-03 2.687050291773383087e-03 -5.629937601480684492e-03 2.895587909329987164e-02 -2.151951907275256697e-03 9.256843891309973586e-04
6.445189620766941241e-01 9.036676078284225019e-03 -4.731779624424395196e-03 3.558283550818835267e-02 -1.828721303892875006e-03 2.687050291773383087e-03 -5.629937601480684492e-03 2.895587909329987164e-02 -2.151951907275256697e-03 9.256843891309973586e-04
6.444971050127282775e-01 9.031832171960218689e-03 -4.725535264118014243e-03 3.568357484176223199e-02 -1.826441592256740657e-03 2.674877364563554676e-03 -5.601924472725704381e-03 2.892292894270011988e-02 -2.168732133080047454e-03 9.262628616459160375e-04
6.444594842812443325e-01 9.032375520513167763e-03 -4.725690912428732668e-03 3.581411354551845144e-02 -1.827820914443636013e-03 2.667310828581031905e-03 -5.584257302101172660e-03 2.893376140655570805e-02 -2.169107155693387849e-03 9.256142312039971959e-04
6.442591481818845667e-01 8.975428464403063453e-03 -4.706968018292565122e-03 3.704056038013166241e-02 -1.782239900644299289e-03 2.528297986537964264e-03 -5.264835625926059075e-03 2.858777249699336748e-02 -2.347975249297775541e-03 9.302941958418865656e-04
6.439399679269306453e-01 8.987284905378105718e-03 -4.671740156109181752e-03 3.995329901583393600e-02 -1.809909623655226590e-03 2.362414563229151866e-03 -4.865282263202089751e-03 2.868313565945510707e-02 -2.349538431207732689e-03 9.333383271581347038e-04
6.429487584620635632e-01 9.034623956476767886e-03 -3.448965544989168394e-03 3.589843850317012836e-02 -2.115173726577455025e-03 2.271252463136586019e-03 -4.740989752641228128e-03 2.672176743847360508e-02 -3.533775862050119506e-03 9.107937514464855677e-04
6.428066089569194341e-01 9.032311729054585264e-03 -3.478996990570548155e-03 3.534077209836285205e-02 -2.108839319779503164e-03 2.304739573959041412e-03 -4.822741391863715268e-03 2.677267800783386317e-02 -3.529993026404643595e-03 9.083582166602852592e-04
6.432108287383596634e-01 8.975359975167442050e-03 -4.535654819514376573e-03 3.886510933569930354e-02 -1.781165850100554105e-03 2.267222248040691012e-03 -4.702864851229487247e-03 2.795501586244556261e-02 -2.929371307086116143e-03 8.969319121150298897e-04
6.441587894907513379e-01 8.993351989636442362e-03 -4.293359791829400723e-03 4.305758636726245148e-02 -1.837019351540929027e-03 2.007619269606940489e-03 -4.080947420312354933e-03 2.757360346154786798e-02 -2.974876353888791965e-03 8.997814437997448886e-04
6.441587894907513379e-01 8.993351989636442362e-03 -4.293359791829400723e-03 4.305758636726245148e-02 -1.837019351540929027e-03 2.007619269606940489e-03 -4.080947420312354933e-03 2.757360346154786798e-02 -2.974876353888791965e-03 8.997814437997448886e-04
6.441587894907513379e-01 8.993351989636442362e-03 -4.293359791829400723e-03 4.305758636726245148e-02 -1.837019351540929027e-03 2.007619269606940489e-03 -4.080947420312354933e-03 2.757360346154786798e-02 -2.974876353888791965e-03 8.997814437997448886e-04
6.441587894907513379e-01 8.993351989636442362e-03 -4.293359791829400723e-03 4.305758636726245148e-02 -1.837019351540929027e-03 2.007619269606940489e-03 -4.080947420312354933e-03 2.757360346154786798e-02 -2.974876353888791965e-03 8.997814437997448886e-04
6.441587894907513379e-01 8.993351989636442362e-03 -4.293359791829400723e-03 4.305758636726245148e-02 -1.837019351540929027e-03 2.007619269606940489e-03 -4.080947420312354933e-03 2.757360346154786798e-02 -2.974876353888791965e-03 8.997814437997448886e-04
6.441587894907513379e-01 8.993351989636442362e-03 -4.293359791829400723e-03 4.305758636726245148e-02 -1.837019351540929027e-03 2.007619269606940489e-03 -4.080947420312354933e-03 2.757360346154786798e-02 -2.974876353888791965e-03 8.997814437997448886e-04
6.441587894907513379e-01 8.993351989636442362e-03 -4.293359791829400723e-03 4.305758636726245148e-02 -1.837019351540929027e-03 2.007619269606940489e-03 -4.080947420312354933e-03 2.757360346154786798e-02 -2.974876353888791965e-03 8.997814437997448886e-04
6.434600219398878274e-01 8.823435999461705370e-03 -4.203483710524873358e-03 4.192191803221503865e-02 -1.724412817334723376e-03 1.924634989611270254e-03 -3.902450674817028228e-03 2.657312198653161844e-02 -3.490102468873688274e-03 9.198759414899952431e-04
6.433166758482199432e-01 8.824404845403432257e-03 -4.206454153742683610e-03 4.209772153304475878e-02 -1.728051525605566862e-03 1.916341036605054282e-03 -3.883823241542899186e-03 2.660789054656689107e-02 -3.494825879979190225e-03 9.171663675969142461e-04
6.427367992565042876e-01 8.657344995899821788e-03 -4.262166311009313313e-03 4.118597300936861078e-02 -1.568468255894916530e-03 1.840520489681650917e-03 -3.723245695173882461e-03 2.574161084541059033e-02 -3.954523076922274692e-03 9.298476966554733566e-04
6.425216609890407327e-01 8.660671723082963291e-03 -4.250191483527751210e-03 4.181188209217089752e-02 -1.579775006488712621e-03 1.812796916206991116e-03 -3.653311497235545071e-03 2.578120760920569673e-02 -3.968068518835342687e-03 9.315601729733693570e-04
6.417384018250924527e-01 8.695680197870377104e-03 -3.299739611378606913e-03 3.774304794822689463e-02 -1.813402811592658946e-03 1.791351086615779707e-03 -3.679474192000047657e-03 2.421228199075941417e-02 -4.925190577328559388e-03 9.087488284061600967e-04
6.419143878290278771e-01 8.697067040668794019e-03 -3.265014307519091465e-03 3.800427818627870324e-02 -1.819242603817965457e-03 1.778167988379105542e-03 -3.644496263063952239e-03 2.413899677885234657e-02 -4.935128906791717666e-03 9.123493963725206506e-04
6.422089403842050626e-01 8.650964985218972947e-03 -4.089352118615210627e-03 4.024842385758184427e-02 -1.561056546058752588e-03 1.786234888329820119e-03 -3.638331119172591790e-03 2.505329909392896293e-02 -4.469884553217933626e-03 9.026474802453264903e-04
6.431792999067692529e-01 8.659376068220191527e-03 -3.866536805169707661e-03 4.182739534954872662e-02 -1.602685102144503753e-03 1.699810306216193844e-03 -3.423053809699740102e-03 2.461004983327712281e-02 -4.543694155893609685e-03 9.070416510745279819e-04
6.431792999067692529e-01 8.659376068220191527e-03 -3.866536805169707661e-03 4.182739534954872662e-02 -1.602685102144503753e-03 1.699810306216193844e-03 -3.423053809699740102e-03 2.461004983327712281e-02 -4.543694155893609685e-03 9.070416510745279819e-04
6.431792999067692529e-01 8.659376068220191527e-03 -3.866536805169707661e-03 4.182739534954872662e-02 -1.602685102144503753e-03 1.699810306216193844e-03 -3.423053809699740102e-03 2.461004983327712281e-02 -4.543694155893609685e-03 9.070416510745279819e-04
6.431792999067692529e-01 8.659376068220191527e-03 -3.866536805169707661e-03 4.182739534954872662e-02 -1.602685102144503753e-03 1.699810306216193844e-03 -3.423053809699740102e-03 2.461004983327712281e-02 -4.543694155893609685e-03 9.070416510745279819e-04
6.431792999067692529e-01 8.659376068220191527e-03 -3.866536805169707661e-03 4.182739534954872662e-02 -1.602685102144503753e-03 1.699810306216193844e-03 -3.423053809699740102e-03 2.461004983327712281e-02 -4.543694155893609685e-03 9.070416510745279819e-04
6.431792999067692529e-01 8.659376068220191527e-03 -3.866536805169707661e-03 4.182739534954872662e-02 -1.602685102144503753e-03 1.699810306216193844e-03 -3.423053809699740102e-03 2.461004983327712281e-02 -4.543694155893609685e-03 9.070416510745279819e-04
6.431792999067692529e-01 8.659376068220191527e-03 -3.866536805169707661e-03 4.182739534954872662e-02 -1.602685102144503753e-03 1.699810306216193844e-03 -3.423053809699740102e-03 2.461004983327712281e-02 -4.543694155893609685e-03 9.070416510745279819e-04
6.432585313077147093e-01 8.675495294781480557e-03 -3.890609463490295357e-03 4.129670923793060666e-02 -1.608738721223674064e-03 1.755206388497611725e-03 -3.551255553995466812e-03 2.471625888829873108e-02 -4.488335276319680225e-03 9.046494934523926536e-04
6.433311484777405331e-01 8.674034969948236917e-03 -3.891732365778530905e-03 4.095767132131859778e-02 -1.605312660062194587e-03 1.776130575715464998e-03 -3.599999352857976339e-03 2.469392718342111603e-02 -4.488315999784233366e-03 9.062577823170697884e-04
6.432255143547052079e-01 8.646747255613075611e-03 -3.876868682358812143e-03 4.186973350643501124e-02 -1.585866488084194384e-03 1.684657757263548737e-03 -3.388776471014339972e-03 2.453246432712248917e-02 -4.573880756547098192e-03 9.089768663340871838e-04
6.430209316999015989e-01 8.656910146167342418e-03 -3.846088778032965422e-03 4.424524365475220739e-02 -1.608080825002906932e-03 1.540392326237238849e-03 -3.043675240686329400e-03 2.460281952385014528e-02 -4.570270964947053226e-03 9.108569427766293695e-04
6.422420226912464170e-01 8.689858563399321945e-03 -3.002330970368934180e-03 4.087328862167596139e-02 -1.819635053193852103e-03 1.496824216929815154e-03 -3.015661290257714774e-03 2.323008464259398304e-02 -5.432224564330939004e-03 8.848484996665372405e-04
6.420325720717486861e-01 8.685249765401321237e-03 -3.050695254462875653e-03 3.980421898323690394e-02 -1.808156397730004529e-03 1.564418063751467141e-03 -3.179496942304449285e-03 2.330154571897212132e-02 -5.428264923972875126e-03 8.804181800435640411e-04
6.423325919733182676e-01 8.646526453175946286e-03 -3.784196540248177011e-03 4.278633943901424125e-02 -1.578432776785977177e-03 1.507120810896697694e-03 -3.022312843553013988e-03 2.413563776521802234e-02 -4.996432535079318830e-03 8.710737361045254104e-04
6.429757352643435953e-01 8.662628077764763720e-03 -3.604538356305719317e-03 4.641114872624678422e-02 -1.623998704447228826e-03 1.271404785821446609e-03 -2.460246708826722278e-03 2.388651403284836397e-02 -5.022881789831174296e-03 8.738940116653461576e-04
6.429757352643435953e-01 8.662628077764763720e-03 -3.604538356305719317e-03 4.641114872624678422e-02 -1.623998704447228826e-03 1.271404785821446609e-03 -2.460246708826722278e-03 2.388651403284836397e-02 -5.022881789831174296e-03 8.738940116653461576e-04
6.429757352643435953e-01 8.662628077764763720e-03 -3.604538356305719317e-03 4.641114872624678422e-02 -1.623998704447228826e-03 1.271404785821446609e-03 -2.460246708826722278e-03 2.388651403284836397e-02 -5.022881789831174296e-03 8.738940116653461576e-04
6.429757352643435953e-01 8.662628077764763720e-03 -3.604538356305719317e-03 4.641114872624678422e-02 -1.623998704447228826e-03 1.271404785821446609e-03 -2.460246708826722278e-03 2.388651403284836397e-02 -5.022881789831174296e-03 8.738940116653461576e-04
6.429757352643435953e-01 8.662628077764763720e-03 -3.604538356305719317e-03 4.641114872624678422e-02 -1.623998704447228826e-03 1.271404785821446609e-03 -2.460246708826722278e-03 2.388651403284836397e-02 -5.022881789831174296e-03 8.738940116653461576e-04
6.429757352643435953e-01 8.662628077764763720e-03 -3.604538356305719317e-03 4.641114872624678422e-02 -1.623998704447228826e-03 1.271404785821446609e-03 -2.460246708826722278e-03 2.388651403284836397e-02 -5.022881789831174296e-03 8.738940116653461576e-04
6.429757352643435953e-01 8.662628077764763720e-03 -3.604538356305719317e-03 4.641114872624678422e-02 -1.623998704447228826e-03 1.271404785821446609e-03 -2.460246708826722278e-03 2.388651403284836397e-02 -5.022881789831174296e-03 8.738940116653461576e-04
6.430475846643460835e-01 8.676753989008838958e-03 -3.625233821647737970e-03 4.594550185320719904e-02 -1.629169217611462026e-03 1.320547744137384348e-03 -2.573963854576524421e-03 2.397671092487667355e-02 -4.974959590854807073e-03 8.716159242434806404e-04
6.431320325605648369e-01 8.674993917445241939e-03 -3.626679572392930203e-03 4.555350646309043461e-02 -1.625081512181004864e-03 1.345255273869487697e-03 -2.631307367914822136e-03 2.395045310864573479e-02 -4.975087756937407284e-03 8.737125305877277382e-04
6.430308124214511034e-01 8.650114500715268273e-03 -3.613518525782267142e-03 4.638949421594125433e-02 -1.607644736093252411e-03 1.260593799402212351e-03 -2.435938303598483932e-03 2.380837566000876954e-02 -5.051999490125351489e-03 8.763373030693661888e-04
6.428568283672343453e-01 8.658770409316753763e-03 -3.587907438217761980e-03 4.831947495812284610e-02 -1.626404261383701273e-03 1.141026407080895965e-03 -2.150481936736203022e-03 2.386870369197163430e-02 -5.048660506055411938e-03 8.777031960314804048e-04
6.421134408952843264e-01 8.687281209054934644e-03 -2.827812684391738888e-03 4.504520562361558067e-02 -1.817551529129294782e-03 1.112138374946830023e-03 -2.154961710303657414e-03 2.262467121413234972e-02 -5.843525957864682992e-03 8.486853958844051832e-04
6.419270376814016910e-01 8.682984508934090545e-03 -2.871706196334142432e-03 4.409171616618545730e-02 -1.806952622267240681e-03 1.173621235699642872e-03 -2.303989661345324201e-03 2.268840259393901243e-02 -5.839854858622313231e-03 8.442855249576961939e-04
6.422060311747630479e-01 8.647498484390735846e-03 -3.540698177626086258e-03 4.690979501246301392e-02 -1.595880404186901004e-03 1.114693091443410286e-03 -2.145344537535786699e-03 2.345365477093446296e-02 -5.439296346088137030e-03 8.350725210776550542e-04
6.427772308737537132e-01 8.662239461339309166e-03 -3.378831019351813663e-03 5.009119547418219853e-02 -1.637406021248454056e-03 9.033906388713292207e-04 -1.641827974780733345e-03 2.323159325564730718e-02 -5.463403025699894826e-03 8.383314492819918121e-04
6.427772308737537132e-01 8.662239461339309166e-03 -3.378831019351813663e-03 5.009119547418219853e-02 -1.637406021248454056e-03 9.033906388713292207e-04 -1.641827974780733345e-03 2.323159325564730718e-02 -5.463403025699894826e-03 8.383314492819918121e-04
6.427772308737537132e-01 8.662239461339309166e-03 -3.378831019351813663e-03 5.009119547418219853e-02 -1.637406021248454056e-03 9.033906388713292207e-04 -1.641827974780733345e-03 2.323159325564730718e-02 -5.463403025699894826e-03 8.383314492819918121e-04
6.427772308737537132e-01 8.662239461339309166e-03 -3.378831019351813663e-03 5.009119547418219853e-02 -1.637406021248454056e-03 9.033906388713292207e-04 -1.641827974780733345e-03 2.323159325564730718e-02 -5.463403025699894826e-03 8.383314492819918121e-04
6.427772308737537132e-01 8.662239461339309166e-03 -3.378831019351813663e-03 5.009119547418219853e-02 -1.637406021248454056e-03 9.033906388713292207e-04 -1.641827974780733345e-03 2.323159325564730718e-02 -5.463403025699894826e-03 8.383314492819918121e-04
6.427772308737537132e-01 8.662239461339309166e-03 -3.378831019351813663e-03 5.009119547418219853e-02 -1.637406021248454056e-03 9.033906388713292207e-04 -1.641827974780733345e-03 2.323159325564730718e-02 -5.463403025699894826e-03 8.383314492819918121e-04
6.427772308737537132e-01 8.662239461339309166e-03 -3.378831019351813663e-03 5.009119547418219853e-02 -1.637406021248454056e-03 9.033906388713292207e-04 -1.641827974780733345e-03 2.323159325564730718e-02 -5.463403025699894826e-03 8.383314492819918121e-04
6.428451395891390252e-01 8.675123171208323422e-03 -3.397522301576886769e-03 4.965804780449493278e-02 -1.641958542820637183e-03 9.493285492825501506e-04 -1.748136264617128951e-03 2.331150363100426004e-02 -5.420087843982975169e-03 8.360671620768159607e-04
6.429367795212842518e-01 8.673137393076724849e-03 -3.399264326572837280e-03 4.923263807837052058e-02 -1.637396506293454590e-03 9.766906537861488099e-04 -1.811409328736079309e-03 2.328264627005278281e-02 -5.420422852786079861e-03 8.385963183638788171e-04
6.428417340724613682e-01 8.650861292972702662e-03 -3.387590757841676785e-03 4.999749925969238645e-02 -1.622094170761941402e-03 8.988657539819529295e-04 -1.631900297075308728e-03 2.315963125225213928e-02 -5.488481244643856304e-03 8.410961384582271412e-04
6.426946985814598889e-01 8.658242143612594061e-03 -3.366204807821588946e-03 5.157059744476056445e-02 -1.637943011462634872e-03 7.995105643696448971e-04 -1.395183931211635073e-03 2.321116192377962323e-02 -5.485364253732244802e-03 8.420643956296203258e-04
6.419866677847283487e-01 8.682656104991262613e-03 -2.680995398372984159e-03 4.842521140570250904e-02 -1.810710851150668273e-03 7.816851494422010806e-04 -1.423751590412675357e-03 2.208327116321577577e-02 -6.218235531152258369e-03 8.102258073648849375e-04
6.418190633971722070e-01 8.678598752614848089e-03 -2.721284735629062035e-03 4.756223363151036720e-02 -1.800806525058714237e-03 8.383999425359662475e-04 -1.561198314249744252e-03 2.214065900003600942e-02 -6.214814382382433805e-03 8.058542890385895574e-04
6.420786795276435255e-01 8.646054825436358393e-03 -3.331236978331701681e-03 5.021694002057859596e-02 -1.606921324241458639e-03 7.787247357495411058e-04 -1.403000069830268254e-03 2.284237495586781408e-02 -5.843430268365503583e-03 7.967959042849517056e-04
6.425860003570755818e-01 8.659593634698556017e-03 -3.185186339934984248e-03 5.302341418403555551e-02 -1.644850286915387283e-03 5.884797875264911101e-04 -9.500181835054174150e-04 2.264448336904405570e-02 -5.865361206737539773e-03 8.003462912555076242e-04
6.425860003570755818e-01 8.659593634698556017e-03 -3.185186339934984248e-03 5.302341418403555551e-02 -1.644850286915387283e-03 5.884797875264911101e-04 -9.500181835054174150e-04 2.264448336904405570e-02 -5.865361206737539773e-03 8.003462912555076242e-04
6.425860003570755818e-01 8.659593634698556017e-03 -3.185186339934984248e-03 5.302341418403555551e-02 -1.644850286915387283e-03 5.884797875264911101e-04 -9.500181835054174150e-04 2.264448336904405570e-02 -5.865361206737539773e-03 8.003462912555076242e-04
6.425860003570755818e-01 8.659593634698556017e-03 -3.185186339934984248e-03 5.302341418403555551e-02 -1.644850286915387283e-03 5.884797875264911101e-04 -9.500181835054174150e-04 2.264448336904405570e-02 -5.865361206737539773e-03 8.003462912555076242e-04
6.425860003570755818e-01 8.659593634698556017e-03 -3.185186339934984248e-03 5.302341418403555551e-02 -1.644850286915387283e-03 5.884797875264911101e-04 -9.500181835054174150e-04 2.264448336904405570e-02 -5.865361206737539773e-03 8.003462912555076242e-04
6.425860003570755818e-01 8.659593634698556017e-03 -3.185186339934984248e-03 5.302341418403555551e-02 -1.644850286915387283e-03 5.884797875264911101e-04 -9.500181835054174150e-04 2.264448336904405570e-02 -5.865361206737539773e-03 8.003462912555076242e-04
6.425860003570755818e-01 8.659593634698556017e-03 -3.185186339934984248e-03 5.302341418403555551e-02 -1.644850286915387283e-03 5.884797875264911101e-04 -9.500181835054174150e-04 2.264448336904405570e-02 -5.865361206737539773e-03 8.003462912555076242e-04
6.426523362898356462e-01 8.671722657481034657e-03 -3.202745493223603350e-03 5.260183637537767937e-02 -1.648952877201026197e-03 6.332243631187971233e-04 -1.053583286733319677e-03 2.271770807445252713e-02 -5.824826812689338530e-03 7.980177795009557942e-04
6.427470129334756921e-01 8.669587273452942014e-03 -3.204734746394427916e-03 5.216076395722035047e-02 -1.644101087564331463e-03 6.621485215108954391e-04 -1.120228187163312215e-03 2.268747894285150918e-02 -5.825403760492699028e-03 8.009020681765219741e-04
6.426592500054051360e-01 8.649943530131654068e-03 -3.194380304903351835e-03 5.285815914900966750e-02 -1.630909499834133115e-03 5.910931074152663521e-04 -9.563921985056588783e-04 2.258242570771839056e-02 -5.884845480187281090e-03 8.032570144354544972e-04
6.425355795079853438e-01 8.656235141920943718e-03 -3.176497384275429534e-03 5.414229440337255117e-02 -1.644290893903611796e-03 5.084715537348968341e-04 -7.599557521969690834e-04 2.262629100302341809e-02 -5.881940371974331977e-03 8.039195527525541760e-04
6.418622421500433939e-01 8.676860546779102679e-03 -2.558065273427118612e-03 5.114496814908629091e-02 -1.800567592195804426e-03 4.988249937223395835e-04 -8.059506840244500848e-04 2.160275918976575435e-02 -6.557814683160769625e-03 7.694594711689293999e-04
6.417105104316200848e-01 8.672998999248168056e-03 -2.595324543858537614e-03 5.035650489870738961e-02 -1.791241949239433208e-03 5.516016005086589458e-04 -9.338111227150357185e-04 2.165477536161306699e-02 -6.554609231443898204e-03 7.651219903742555953e-04
6.419523284977384225e-01 8.643100886019088741e-03 -3.151702150051781913e-03 5.285088892222929852e-02 -1.613046702552119053e-03 4.919490415464476945e-04 -7.776916747927848598e-04 2.229839185753977257e-02 -6.210159038184753788e-03 7.562327200932121834e-04
6.424034743337473374e-01 8.655570847526262296e-03 -3.019636432579850868e-03 5.533747028044944116e-02 -1.647774651145694075e-03 3.200391631051372420e-04 -3.687262506007884860e-04 2.212181008457704198e-02 -6.230129411364574397e-03 7.599653792981821967e-04
6.424034743337473374e-01 8.655570847526262296e-03 -3.019636432579850868e-03 5.533747028044944116e-02 -1.647774651145694075e-03 3.200391631051372420e-04 -3.687262506007884860e-04 2.212181008457704198e-02 -6.230129411364574397e-03 7.599653792981821967e-04
6.424034743337473374e-01 8.655570847526262296e-03 -3.019636432579850868e-03 5.533747028044944116e-02 -1.647774651145694075e-03 3.200391631051372420e-04 -3.687262506007884860e-04 2.212181008457704198e-02 -6.230129411364574397e-03 7.599653792981821967e-04
6.424034743337473374e-01 8.655570847526262296e-03 -3.019636432579850868e-03 5.533747028044944116e-02 -1.647774651145694075e-03 3.200391631051372420e-04 -3.687262506007884860e-04 2.212181008457704198e-02 -6.230129411364574397e-03 7.599653792981821967e-04
6.424034743337473374e-01 8.655570847526262296e-03 -3.019636432579850868e-03 5.533747028044944116e-02 -1.647774651145694075e-03 3.200391631051372420e-04 -3.687262506007884860e-04 2.212181008457704198e-02 -6.230129411364574397e-03 7.599653792981821967e-04
6.424034743337473374e-01 8.655570847526262296e-03 -3.019636432579850868e-03 5.533747028044944116e-02 -1.647774651145694075e-03 3.200391631051372420e-04 -3.687262506007884860e-04 2.212181008457704198e-02 -6.230129411364574397e-03 7.599653792981821967e-04
6.424034743337473374e-01 8.655570847526262296e-03 -3.019636432579850868e-03 5.533747028044944116e-02 -1.647774651145694075e-03 3.200391631051372420e-04 -3.687262506007884860e-04 2.212181008457704198e-02 -6.230129411364574397e-03 7.599653792981821967e-04
6.424698437730859135e-01 8.667251391291083684e-03 -3.036617733296665712e-03 5.491359088123485416e-02 -1.651526690771806674e-03 3.649423240949022725e-04 -4.726819273771675953e-04 2.219056964837010440e-02 -6.191213031458822624e-03 7.575110602630353305e-04
6.425640073846397016e-01 8.665041382095218375e-03 -3.038787692383427327e-03 5.447251567705236469e-02 -1.646559479379764313e-03 3.944052977678567202e-04 -5.403267806861367659e-04 2.216006077051934850e-02 -6.192040778780098786e-03 7.606586415642549491e-04
6.424841635932091455e-01 8.647955665588704516e-03 -3.029626864858663091e-03 5.510496386629298166e-02 -1.635365916814987596e-03 3.300190372400529188e-04 -3.919126467864303062e-04 2.207148030232663344e-02 -6.243346999355739967e-03 7.628554203758632427e-04
6.423805329633466288e-01 8.653311849335730555e-03 -3.014674836113838061e-03 5.615354240989022666e-02 -1.646649053499072823e-03 2.613473321471143813e-04 -2.289881241632790070e-04 2.210870462231866174e-02 -6.240657913048964708e-03 7.632845378336006051e-04
6.417409187003400017e-01 8.670423558882377896e-03 -2.455724907706061631e-03 5.331471604173763923e-02 -1.788142674441873820e-03 2.576114560740477063e-04 -2.871998371251908077e-04 2.117879164339766737e-02 -6.864242885313708194e-03 7.264085711571804721e-04
6.416029678358282640e-01 8.666732481213496042e-03 -2.490343572461829573e-03 5.259022420216324933e-02 -1.779323154888035096e-03 3.069688954981042916e-04 -4.067235364158246300e-04 2.122614215879063682e-02 -6.861223863241427620e-03 7.221162401234541839e-04
6.418284648487038169e-01 8.639199846596647137e-03 -2.998335467322598563e-03 5.492921346312338443e-02 -1.615376631769434908e-03 2.479708552099442291e-04 -2.539915613540364033e-04 2.181691194281042481e-02 -6.541488950932499227e-03 7.134052142735841911e-04
6.422305166061185178e-01 8.650715923276588656e-03 -2.878590879438435151e-03 5.714107904848537284e-02 -1.647257125567826381e-03 9.212838439803404302e-05 1.163997074454686830e-04 2.165896146736032493e-02 -6.559726882101980100e-03 7.172405340803647425e-04
6.422305166061185178e-01 8.650715923276588656e-03 -2.878590879438435151e-03 5.714107904848537284e-02 -1.647257125567826381e-03 9.212838439803404302e-05 1.163997074454686830e-04 2.165896146736032493e-02 -6.559726882101980100e-03 7.172405340803647425e-04
6.422305166061185178e-01 8.650715923276588656e-03 -2.878590879438435151e-03 5.714107904848537284e-02 -1.647257125567826381e-03 9.212838439803404302e-05 1.163997074454686830e-04 2.165896146736032493e-02 -6.559726882101980100e-03 7.172405340803647425e-04
6.422305166061185178e-01 8.650715923276588656e-03 -2.878590879438435151e-03 5.714107904848537284e-02 -1.647257125567826381e-03 9.212838439803404302e-05 1.163997074454686830e-04 2.165896146736032493e-02 -6.559726882101980100e-03 7.172405340803647425e-04
6.422305166061185178e-01 8.650715923276588656e-03 -2.878590879438435151e-03 5.714107904848537284e-02 -1.647257125567826381e-03 9.212838439803404302e-05 1.163997074454686830e-04 2.165896146736032493e-02 -6.559726882101980100e-03 7.172405340803647425e-04
6.422305166061185178e-01 8.650715923276588656e-03 -2.878590879438435151e-03 5.714107904848537284e-02 -1.647257125567826381e-03 9.212838439803404302e-05 1.163997074454686830e-04 2.165896146736032493e-02 -6.559726882101980100e-03 7.172405340803647425e-04
6.422305166061185178e-01 8.650715923276588656e-03 -2.878590879438435151e-03 5.714107904848537284e-02 -1.647257125567826381e-03 9.212838439803404302e-05 1.163997074454686830e-04 2.165896146736032493e-02 -6.559726882101980100e-03 7.172405340803647425e-04
6.426187917443786368e-01 8.710735284395939790e-03 -3.001429644990903471e-03 5.348639239113153060e-02 -1.655256500568374426e-03 4.455668724122432457e-04 -7.019314197524675241e-04 2.202905454908207772e-02 -6.344376624813716919e-03 7.022870987845187662e-04
6.427025422499832441e-01 8.708179539691936893e-03 -3.004591993412445653e-03 5.297856011343304861e-02 -1.649988976510776339e-03 4.806314024079315480e-04 -7.824629427899999767e-04 2.199858086685320402e-02 -6.346902119939643906e-03 7.054105385622941099e-04
6.428136524310539279e-01 8.730224116934959949e-03 -3.027272455365765183e-03 5.167524768386347334e-02 -1.661252233048774287e-03 6.043320368138440334e-04 -1.067827403226389053e-03 2.211848666588459716e-02 -6.276467951392834289e-03 7.019584850217334190e-04
6.426780259458571010e-01 8.739428929074179175e-03 -3.003092835232533918e-03 5.346087427785602142e-02 -1.679136527150095837e-03 4.830889049163932360e-04 -7.817754919818018303e-04 2.217892790383108395e-02 -6.266729130220300217e-03 7.024320463182537159e-04
6.420282780171984172e-01 8.754512017578170574e-03 -2.464931284838039072e-03 5.081546921779551279e-02 -1.816960277033528338e-03 4.700127094249794942e-04 -8.206096994406518030e-04 2.129057906641067602e-02 -6.872917581994686040e-03 6.611382200057727395e-04
6.418146854874763330e-01 8.747553360194875588e-03 -2.520758416031438579e-03 4.946862154227758129e-02 -1.801674617647054015e-03 5.646791858922691398e-04 -1.047938618906049885e-03 2.135687894164174649e-02 -6.871846341037783114e-03 6.541252498182910293e-04
6.420493548821395446e-01 8.720508112968610240e-03 -3.019693028184029272e-03 5.194669216351605751e-02 -1.639366795852389156e-03 4.924157845558204370e-04 -8.653465659916842034e-04 2.194263150635375817e-02 -6.549774008235657342e-03 6.450425548343325256e-04
6.423627262624945766e-01 8.731402417573093377e-03 -2.921637740966084862e-03 5.399609848794507949e-02 -1.667122698206332425e-03 3.438604610936096687e-04 -5.141576509266552455e-04 2.182826289136900397e-02 -6.559467225852989337e-03 6.483870582571064391e-04
6.423627262624945766e-01 8.731402417573093377e-03 -2.921637740966084862e-03 5.399609848794507949e-02 -1.667122698206332425e-03 3.438604610936096687e-04 -5.141576509266552455e-04 2.182826289136900397e-02 -6.559467225852989337e-03 6.483870582571064391e-04
6.423627262624945766e-01 8.731402417573093377e-03 -2.921637740966084862e-03 5.399609848794507949e-02 -1.667122698206332425e-03 3.438604610936096687e-04 -5.141576509266552455e-04 2.182826289136900397e-02 -6.559467225852989337e-03 6.483870582571064391e-04
6.423627262624945766e-01 8.731402417573093377e-03 -2.921637740966084862e-03 5.399609848794507949e-02 -1.667122698206332425e-03 3.438604610936096687e-04 -5.141576509266552455e-04 2.182826289136900397e-02 -6.559467225852989337e-03 6.483870582571064391e-04
6.423627262624945766e-01 8.731402417573093377e-03 -2.921637740966084862e-03 5.399609848794507949e-02 -1.667122698206332425e-03 3.438604610936096687e-04 -5.141576509266552455e-04 2.182826289136900397e-02 -6.559467225852989337e-03 6.483870582571064391e-04
6.423627262624945766e-01 8.731402417573093377e-03 -2.921637740966084862e-03 5.399609848794507949e-02 -1.667122698206332425e-03 3.438604610936096687e-04 -5.141576509266552455e-04 2.182826289136900397e-02 -6.559467225852989337e-03 6.483870582571064391e-04
6.423627262624945766e-01 8.731402417573093377e-03 -2.921637740966084862e-03 5.399609848794507949e-02 -1.667122698206332425e-03 3.438604610936096687e-04 -5.141576509266552455e-04 2.182826289136900397e-02 -6.559467225852989337e-03 6.483870582571064391e-04
6.427036940352416350e-01 8.782752353271045670e-03 -3.017717260746735890e-03 5.118624746606761228e-02 -1.675834978295076202e-03 6.243148365135957507e-04 -1.162983578307332389e-03 2.213090198690587443e-02 -6.377324472282078216e-03 6.347772087070046925e-04
6.427243932132385984e-01 8.782158059624537924e-03 -3.018372791975490466e-03 5.107387620697870917e-02 -1.674594830107944141e-03 6.321771283366813855e-04 -1.180936822943913587e-03 2.212351038795708907e-02 -6.377886738262312540e-03 6.356163654007479426e-04
6.428149980259162399e-01 8.799317207857964424e-03 -3.033398717639182972e-03 5.015621505745814640e-02 -1.683813671411095274e-03 7.216812776021443469e-04 -1.387088570805282027e-03 2.221151277296238083e-02 -6.324213235112245181e-03 6.328624345743511003e-04
6.426724960570318057e-01 8.808090514678170932e-03 -3.011015046421282315e-03 5.176022755133451864e-02 -1.701040804669244882e-03 6.115539848618879292e-04 -1.127648082038147301e-03 2.227128115057441446e-02 -6.315896461640699289e-03 6.330063133781593365e-04
6.420269889123599860e-01 8.819895718112917560e-03 -2.500512444948124226e-03 4.922583074341681242e-02 -1.832204520157494588e-03 5.978164843380290305e-04 -1.166496526929724836e-03 2.142760927741062249e-02 -6.899700048259124925e-03 5.873591710122585789e-04
6.418919645425632536e-01 8.815579984978359762e-03 -2.536039762393760885e-03 4.843662793776554176e-02 -1.822564425683111198e-03 6.540965802077065936e-04 -1.301951606437713174e-03 2.147132023690312072e-02 -6.897991159698353518e-03 5.825018012614659483e-04
6.421235748428777423e-01 8.788139923546866086e-03 -3.024761709464686595e-03 5.077191499414138859e-02 -1.661756154191249739e-03 5.890177110035996937e-04 -1.137038902695266997e-03 2.204436843658442655e-02 -6.578836254438035110e-03 5.730486312191075205e-04
6.424472848087968702e-01 8.798994292329234690e-03 -2.923615710529374988e-03 5.270414015979130867e-02 -1.690071636762062153e-03 4.464257448648221343e-04 -7.997476389322285889e-04 2.192170067770083178e-02 -6.591365855627497744e-03 5.771623494738202043e-04
6.424472848087968702e-01 8.798994292329234690e-03 -2.923615710529374988e-03 5.270414015979130867e-02 -1.690071636762062153e-03 4.464257448648221343e-04 -7.997476389322285889e-04 2.192170067770083178e-02 -6.591365855627497744e-03 5.771623494738202043e-04
6.424472848087968702e-01 8.798994292329234690e-03 -2.923615710529374988e-03 5.270414015979130867e-02 -1.690071636762062153e-03 4.464257448648221343e-04 -7.997476389322285889e-04 2.192170067770083178e-02 -6.591365855627497744e-03 5.771623494738202043e-04
