6.030111844165362278e-01 -5.426245308512035043e-02 1.113843906208593013e-02 -1.063457936752138788e-01 6.871411102537569593e-03 6.499767524338989633e-02 -2.724218388355610296e-02 4.803838866052553835e-04 -2.880477667479254544e-02 8.181218256455062565e-03
6.020088386095349131e-01 -6.051363454512834750e-01 -1.197850931714559808e+00 -1.549411539586872166e+00 -1.337572571472861460e+00 1.078413796444596340e+00 1.562682737266267496e+00 2.630411260878739999e-02 -8.695577909320049981e-02 9.652348285004330730e-03
6.014892318216163991e-01 -1.322736074839689469e+00 -5.363123212952977115e-01 -1.622580134168726707e+00 -8.283908832211180906e-01 1.461154830779838099e+00 8.873339743407088198e-01 2.459418266056978553e-02 -7.624750081762654563e-02 8.836728007113991978e-03
5.993614195960095259e-01 3.354504359327897589e+00 1.810853431555292659e+00 4.312370720080691555e+00 2.487414935718279985e+00 -3.792225985392978060e+00 -2.810217697144253624e+00 3.490916061943849513e-02 -1.469806572617902152e-01 -1.422429306633338220e-02
5.993614195960095259e-01 3.354504359327897589e+00 1.810853431555292659e+00 4.312370720080691555e+00 2.487414935718279985e+00 -3.792225985392978060e+00 -2.810217697144253624e+00 3.490916061943849513e-02 -1.469806572617902152e-01 -1.422429306633338220e-02
5.993614195960095259e-01 3.354504359327897589e+00 1.810853431555292659e+00 4.312370720080691555e+00 2.487414935718279985e+00 -3.792225985392978060e+00 -2.810217697144253624e+00 3.490916061943849513e-02 -1.469806572617902152e-01 -1.422429306633338220e-02
5.993614195960095259e-01 3.354504359327897589e+00 1.810853431555292659e+00 4.312370720080691555e+00 2.487414935718279985e+00 -3.792225985392978060e+00 -2.810217697144253624e+00 3.490916061943849513e-02 -1.469806572617902152e-01 -1.422429306633338220e-02
5.993614195960095259e-01 3.354504359327897589e+00 1.810853431555292659e+00 4.312370720080691555e+00 2.487414935718279985e+00 -3.792225985392978060e+00 -2.810217697144253624e+00 3.490916061943849513e-02 -1.469806572617902152e-01 -1.422429306633338220e-02
5.993614195960095259e-01 3.354504359327897589e+00 1.810853431555292659e+00 4.312370720080691555e+00 2.487414935718279985e+00 -3.792225985392978060e+00 -2.810217697144253624e+00 3.490916061943849513e-02 -1.469806572617902152e-01 -1.422429306633338220e-02
5.984175127488200463e-01 4.712717189026390668e-02 1.705025859163968038e-01 9.157938851971708649e-02 1.001886688653109703e-01 -1.018943750607433085e-01 -1.280670917129649589e-01 2.721466627560026330e-02 -8.154623844886946249e-02 -6.807605698906336877e-03
6.026925301385582801e-01 -5.169154173352061982e-02 -2.505087034282965988e-02 -3.929488902903995051e-02 -3.728782530855997979e-02 4.441657793031753704e-02 3.887449798212309210e-02 7.153733575060647332e-04 -1.296226352628617601e-02 -5.646562011651090618e-04
5.489246425709797261e-01 -3.678029133697020114e+01 -2.708327083193987406e+01 -4.855333364823948727e+01 -3.221237823978380987e+01 4.306790227997610998e+01 3.712024144743056553e+01 -4.146848184979035068e-02 -8.998420423187347694e-02 1.718002718138156304e-03
5.489246425709797261e-01 -3.678029133697020114e+01 -2.708327083193987406e+01 -4.855333364823948727e+01 -3.221237823978380987e+01 4.306790227997610998e+01 3.712024144743056553e+01 -4.146848184979035068e-02 -8.998420423187347694e-02 1.718002718138156304e-03
5.489246425709797261e-01 -3.678029133697020114e+01 -2.708327083193987406e+01 -4.855333364823948727e+01 -3.221237823978380987e+01 4.306790227997610998e+01 3.712024144743056553e+01 -4.146848184979035068e-02 -8.998420423187347694e-02 1.718002718138156304e-03
8.059050930802830193e-01 3.307267167688913989e-03 1.788446506392540186e-02 1.374335806171826657e-02 -9.731954164095557580e-03 -8.572981198255329172e-03 -1.061504367001789816e-02 5.295413661542752726e-02 2.749601637510324173e-02 9.487574166924091223e-02
5.938657441595444064e-01 1.300662119769310267e-02 1.507221153048804788e-02 5.635381824296101932e-03 -1.285542435281859363e-03 -5.527562453452005732e-03 -4.444092870951602686e-03 3.036358276092215869e-02 2.139917178301335363e-02 5.458777763007947870e-02
5.938657441595444064e-01 1.300662119769310267e-02 1.507221153048804788e-02 5.635381824296101932e-03 -1.285542435281859363e-03 -5.527562453452005732e-03 -4.444092870951602686e-03 3.036358276092215869e-02 2.139917178301335363e-02 5.458777763007947870e-02
5.967318405448336360e-01 7.919897297871434511e-03 9.290565785741831603e-03 2.947083486540332409e-03 -1.531771944212894200e-03 -2.673205742267691434e-03 -2.047382727555096399e-03 3.004619597533712827e-02 2.115583269992254989e-02 5.404766526803369414e-02
5.967318405448336360e-01 7.919897297871434511e-03 9.290565785741831603e-03 2.947083486540332409e-03 -1.531771944212894200e-03 -2.673205742267691434e-03 -2.047382727555096399e-03 3.004619597533712827e-02 2.115583269992254989e-02 5.404766526803369414e-02
5.979663130275244542e-01 5.287150623416154646e-03 5.955986378123036273e-03 2.255531871566266063e-03 -9.325228667166443912e-04 -2.619491425945300565e-03 -1.938107119205525553e-03 2.977536869639872338e-02 2.157784389517274429e-02 5.271419980967199242e-02
6.035808064462206968e-01 5.447266711149615845e-03 6.161660327353792738e-03 2.270320589111759959e-03 -9.888623145721726383e-04 -2.653954173272431161e-03 -1.945019559720932018e-03 2.979366489230576842e-02 2.154151049441321158e-02 5.229890533604495545e-02
6.035808064462206968e-01 5.447266711149615845e-03 6.161660327353792738e-03 2.270320589111759959e-03 -9.888623145721726383e-04 -2.653954173272431161e-03 -1.945019559720932018e-03 2.979366489230576842e-02 2.154151049441321158e-02 5.229890533604495545e-02
6.035808064462206968e-01 5.447266711149615845e-03 6.161660327353792738e-03 2.270320589111759959e-03 -9.888623145721726383e-04 -2.653954173272431161e-03 -1.945019559720932018e-03 2.979366489230576842e-02 2.154151049441321158e-02 5.229890533604495545e-02
6.541503807324400288e-01 5.502159696246494008e-03 8.523340503192649784e-03 2.883402661824251839e-03 -7.549384268962060218e-04 -3.139422975421580966e-03 -2.898169785144755119e-03 3.319407034367941045e-02 2.348891236885266437e-02 5.958639433084701731e-02
6.035808064462206968e-01 5.447266711149615845e-03 6.161660327353792738e-03 2.270320589111759959e-03 -9.888623145721726383e-04 -2.653954173272431161e-03 -1.945019559720932018e-03 2.979366489230576842e-02 2.154151049441321158e-02 5.229890533604495545e-02
6.035808064462206968e-01 5.447266711149615845e-03 6.161660327353792738e-03 2.270320589111759959e-03 -9.888623145721726383e-04 -2.653954173272431161e-03 -1.945019559720932018e-03 2.979366489230576842e-02 2.154151049441321158e-02 5.229890533604495545e-02
6.051390017820090783e-01 5.463216058053343288e-03 6.268056241288135454e-03 2.265029479148900245e-03 -1.017715597435161004e-03 -2.650604963686253174e-03 -1.957379042655852351e-03 2.979642325881030201e-02 2.153875246239544267e-02 5.211497980430448290e-02
6.017055616636719506e-01 8.566349654281069440e-03 9.271821541026596322e-03 2.954371246023928133e-03 -1.007158337295694598e-03 -2.766313663857431111e-03 -1.988905064212061896e-03 2.995399213542049299e-02 2.131820469651457897e-02 5.397726331342630329e-02
